60715
3758105544
10292
3758098864
1603
3758100840
23949
3758097608
41398
3758097304
26213
3758099496
53574
3758106144
53240
3758105880
39715
3758098688
32057
3758100080
10767
3758096608
43265
3758105728
58951
3758099576
46747
3758100304
53824
3758105288
66922
3758104736
68016
3758100952
8012
3758101080
45957
3758101600
60478
3758099016
1976
3758099360
56115
3758099952
58908
3758105752
31277
3758104488
63828
3758100440
38099
3758106504
34041
3758103280
45569
3758096880
26606
3758100272
14031
3758103288
53626
3758099048
52454
3758100640
13030
3758103248
20500
3758100480
67330
3758099464
52123
3758099552
4566
3758096776
59485
3758098656
45533
3758102608
67696
3758103992
18955
3758101544
53689
3758101432
25200
3758098640
6724
3758102448
50190
3758102752
52802
3758097160
36298
3758105664
44451
3758100096
28766
3758104192
24063
3758098336
50540
3758102208
13954
3758100416
60397
3758102112
34151
3758105168
51531
3758104104
40227
3758105088
50565
3758105696
56654
3758099680
14761
3758101888
42993
3758103824
55006
3758099856
14439
3758106088
40544
3758100648
5398
3758103832
25062
3758105624
41108
3758103488
46788
3758099760
62347
3758102696
36686
3758097616
20881
3758100168
875
3758096536
66533
3758101240
9304
3758098792
41237
3758105680
3043
3758096392
56888
3758099136
17933
3758099800
63181
3758104856
24697
3758097984
31671
3758101096
28873
3758102496
47144
3758104776
10727
3758099080
12166
3758103192
47506
3758098304
8551
3758101640
23147
3758101840
2642
3758105160
60217
3758102720
7618
3758099560
33290
3758102176
66280
3758100160
65772
3758103584
4421
3758105344
65386
3758101248
2584
3758102704
42680
3758097744
30594
3758097064
63529
3758102272
37589
3758102160
36856
3758104024
67565
3758103920
56382
3758102840
23648
3758097840
52190
3758103480
45973
3758101088
33471
3758105072
40087
3758097320
49533
3758098584
6526
3758102216
55360
3758105536
38397
3758103456
12585
3758106240
58632
3758105776
38004
3758096616
55171
3758096840
32606
3758102536
29088
3758105920
43337
3758106392
25962
3758104848
15431
3758098144
56055
3758105592
48847
3758101256
49277
3758100800
57830
3758096656
43757
3758100280
4294
3758101480
5304
3758105976
22873
3758105424
11714
3758105688
16659
3758101464
10407
3758103184
68960
3758105448
65743
3758106288
53010
3758097872
48115
3758100824
33539
3758105720
30635
3758104304
15907
3758097216
35323
3758100592
25345
3758100488
69473
3758101664
9190
3758097040
66546
3758101128
57133
3758102152
46674
3758104720
11840
3758099216
45116
3758098112
37341
3758106464
4057
3758097896
68935
3758104520
1371
3758105968
32644
3758097832
28397
3758102976
24505
3758106616
16855
3758100992
12315
3758101632
4323
3758102928
29235
3758106048
22339
3758100608
1571
3758098400
53633
3758099168
53299
3758098088
43541
3758101336
10321
3758104592
18189
3758104792
17468
3758097336
19099
3758100768
50837
3758105256
27911
3758103312
54451
3758105296
19448
3758104880
15610
3758102040
35579
3758102736
40647
3758103336
49431
3758100312
65000
3758104288
56506
3758104152
66499
3758098240
43634
3758105384
22559
3758100336
6108
3758100344
24591
3758098552
44771
3758104744
33329
3758097176
39522
3758104664
43656
3758103720
31377
3758097184
58142
3758099392
36072
3758102544
60478
3758099312
51849
3758099544
11441
3758101344
43567
3758098184
8650
3758100912
24637
3758096744
44755
3758097992
23205
3758106224
21199
3758100032
38448
3758098888
66595
3758097296
8722
3758103872
34956
3758097328
6665
3758102792
23119
3758101848
34819
3758096688
52025
3758103200
57200
3758098008
15329
3758105144
7367
3758096480
53799
3758099920
29038
3758097808
25658
3758101872
27499
3758096976
66480
3758099264
27402
3758100264
2597
3758105360
49044
3758106608
28407
3758099304
39762
3758104440
36017
3758105848
5406
3758105648
51100
3758106440
20772
3758103856
66343
3758096424
19421
3758099128
50259
3758101016
26592
3758096640
48897
3758103568
42209
3758104160
3515
3758105304
47572
3758102896
60463
3758097344
15437
3758099288
49143
3758099120
43534
3758100208
69373
3758097664
18643
3758099992
14782
3758104112
50340
3758104256
26872
3758099064
57993
3758102424
57417
3758101816
28683
3758103536
62389
3758097912
30302
3758102952
25651
3758103664
24352
3758099240
14006
3758101104
27332
3758101448
9825
3758103632
34573
3758102192
47691
3758097944
68104
3758099192
23637
3758100040
63810
3758103648
32012
3758100704
25089
3758105480
1513
3758097192
65005
3758103256
5838
3758098696
51982
3758100000
42754
3758105096
26765
3758096944
48903
3758100808
35066
3758104928
56553
3758102280
10586
3758101672
13541
3758096400
67558
3758102936
38777
3758098032
8179
3758105904
48903
3758098968
3011
3758101288
54842
3758096936
27593
3758096576
13384
3758102768
19736
3758098504
8397
3758103672
3270
3758106488
10049
3758106296
17512
3758101176
32125
3758097632
63883
3758105408
83
3758104064
63388
3758099144
44162
3758098344
53182
3758100568
14693
3758104760
55882
3758102584
31214
3758103960
19827
3758097392
24089
3758105032
47164
3758105736
17480
3758100664
20154
3758102032
59782
3758105264
1066
3758099584
13546
3758100984
29941
3758104888
49101
3758103296
60497
3758103888
43582
3758106432
15323
3758100048
35397
3758105440
49916
3758098608
10695
3758100680
37090
3758102824
3335
3758100848
52301
3758101984
31545
3758100928
53022
3758099928
5828
3758097712
64283
3758101864
37981
3758104568
8279
3758102104
13609
3758106536
40018
3758099072
45593
3758104408
49732
3758103504
64248
3758096984
9963
3758104896
35027
3758101144
49218
3758100920
41816
3758103552
7515
3758100560
63937
3758105808
3842
3758099248
64494
3758103608
47056
3758105136
16083
3758098408
38572
3758101440
51605
3758100728
20639
3758104376
8483
3758103544
15803
3758102336
31609
3758096848
13303
3758098528
64776
3758106496
65392
3758100616
49974
3758098104
10012
3758105672
68763
3758100464
31366
3758102864
16294
3758105584
66016
3758097880
3912
3758097576
59205
3758096696
57150
3758096440
2735
3758096832
32551
3758102552
69063
3758106344
48349
3758099200
22636
3758099568
43643
3758099232
8627
3758099088
35857
3758096888
68628
3758102632
2048
3758103240
40307
3758099640
14742
3758099712
40940
3758104312
9736
3758105952
50863
3758097752
16876
3758098208
69202
3758104864
42337
3758099824
56918
3758099184
13443
3758097488
1085
3758106600
61068
3758102304
43784
3758104496
60325
3758101056
7395
3758097928
45699
3758098248
18352
3758102656
64728
3758097104
35448
3758104800
64813
3758105400
16026
3758100432
19430
3758098520
14131
3758101560
25358
3758098216
68871
3758103576
49805
3758100232
38157
3758098432
65766
3758103136
36864
3758106120
41898
3758099536
57201
3758101784
29331
3758099632
58909
3758098232
30495
3758105528
28647
3758097760
18400
3758103800
27661
3758096416
35502
3758101712
34041
3758105816
32817
3758103704
49813
3758100872
61130
3758099696
2653
3758098160
59638
3758102368
56938
3758104448
50973
3758097008
8305
3758105320
68173
3758106552
1460
3758103264
50526
3758101032
11560
3758102992
52515
3758103064
41652
3758104552
17693
3758104080
49294
3758097136
5922
3758101624
63081
3758100736
28664
3758100288
37856
3758101608
30280
3758103592
63215
3758106568
35112
3758103712
12821
3758105176
38762
3758096912
19053
3758103736
65180
3758104344
4090
3758104272
64409
3758105800
4236
3758098824
54191
3758099160
45588
3758098024
26711
3758102640
14888
3758101280
43062
3758103072
49925
3758105496
55292
3758103176
35896
3758101552
57760
3758096600
6210
3758103496
23887
3758099768
50521
3758103448
44297
3758103680
44247
3758102664
13360
3758100400
22299
3758097768
57689
3758106176
63395
3758098648
57802
3758103792
44362
3758103840
4533
3758102528
58033
3758105432
30908
3758100744
68156
3758105992
50582
3758099328
57350
3758102832
29847
3758103528
31818
3758105328
62228
3758102648
66781
3758106000
18809
3758101736
60986
3758101424
57629
3758097072
5993
3758100752
48978
3758104432
16689
3758104208
4120
3758105000
14010
3758105152
23121
3758106008
67452
3758097056
43887
3758101120
54186
3758097400
58007
3758101000
6535
3758106016
37514
3758096992
50592
3758106096
41885
3758099344
9795
3758097536
25514
3758101968
52216
3758105504
36391
3758099672
15190
3758103752
45932
3758104264
7672
3758106264
31258
3758101512
7290
3758097544
51835
3758101024
42159
3758105928
9675
3758104200
2900
3758104696
47669
3758100104
30320
3758102088
35154
3758105472
39875
3758096704
17448
3758098568
61889
3758100224
49420
3758102024
12658
3758096592
15473
3758104536
7690
3758105128
8774
3758101312
44960
3758105240
50425
3758097152
13204
3758102512
52063
3758100760
31971
3758102616
50798
3758103776
16359
3758099400
64812
3758104704
22621
3758097696
65977
3758097112
6933
3758104056
54271
3758102432
57741
3758106248
55699
3758106072
41129
3758102016
33416
3758100152
32558
3758098000
848
3758105744
47530
3758103728
56966
3758103688
9201
3758098448
22513
3758105224
49287
3758096624
19268
3758098136
10684
3758101728
63387
3758103032
28793
3758103208
829
3758104424
18835
3758104368
49900
3758101680
67173
3758096432
9071
3758103376
37503
3758103024
46779
3758104832
24439
3758104512
68759
3758104656
1197
3758104392
58282
3758105512
25186
3758106128
19699
3758100968
334
3758097688
46037
3758106200
22227
3758103088
68779
3758106352
3557
3758102688
61754
3758102048
60018
3758104320
7163
3758105616
48182
3758106576
56780
3758106384
42475
3758105944
50351
3758096752
20824
3758099480
10925
3758099984
39275
3758106408
50791
3758098800
44295
3758098200
39641
3758105792
13576
3758102328
50797
3758098440
272
3758106168
19463
3758106528
46102
3758099056
68338
3758102144
15456
3758100376
33370
3758100216
30230
3758096512
33028
3758098904
64901
3758104648
26257
3758098376
45535
3758105216
5206
3758101496
16135
3758103816
7974
3758099040
29803
3758104672
10887
3758103392
57133
3758100696
53730
3758103408
2250
3758096960
63248
3758106032
66186
3758105936
20328
3758102800
51688
3758104352
23896
3758098952
37219
3758106104
66707
3758101824
66479
3758102416
28795
3758099720
53829
3758101536
63667
3758101200
1211
3758101520
59743
3758102488
24056
3758099032
12930
3758100816
47048
3758105008
67351
3758103160
6115
3758102256
39300
3758096560
29094
3758096768
26945
3758096872
63619
3758096864
3227
3758097352
21648
3758104680
26674
3758106328
31857
3758098536
22122
3758099256
26583
3758103304
43165
3758096952
33930
3758105896
10146
3758100792
41191
3758100472
9901
3758096448
7443
3758098464
62266
3758100064
16385
3758098544
52886
3758101352
61706
3758097200
18847
3758102872
68967
3758100624
578
3758102920
67293
3758104544
62977
3758098728
28589
3758102344
58028
3758098712
33651
3758105200
7111
3758102120
49778
3758104144
22491
3758104560
41659
3758101976
24097
3758096648
40304
3758097448
39961
3758101936
29042
3758105248
54115
3758104840
36730
3758101304
60368
3758101368
34199
3758097736
65401
3758106040
37523
3758096504
20860
3758101992
56197
3758103616
27521
3758099976
15165
3758102472
57564
3758097168
3062
3758100936
36273
3758104944
64135
3758105080
49357
3758105632
1588
3758106512
55002
3758096712
51928
3758097208
14692
3758104904
12364
3758106520
9550
3758098456
8946
3758097792
37651
3758105464
12302
3758100776
62130
3758101656
14578
3758097520
41640
3758098512
66028
3758099808
14510
3758102136
32128
3758105184
67786
3758103144
21798
3758097408
64519
3758104728
38814
3758101136
35960
3758098416
8581
3758103232
37644
3758104176
4980
3758101792
40913
3758103056
14461
3758104216
19736
3758097920
12774
3758101920
6946
3758097976
3233
3758106424
40087
3758104504
47537
3758097080
53640
3758098352
30327
3758099432
17772
3758101808
1664
3758100056
41582
3758104088
39846
3758105272
30835
3758105576
59496
3758101400
40540
3758102184
47022
3758098384
35740
3758097656
31182
3758098872
20984
3758104072
46558
3758099104
65424
3758106592
34070
3758102224
65449
3758105208
11773
3758097096
54074
3758100384
15265
3758100360
41770
3758097776
45372
3758100088
69459
3758100424
6855
3758098896
36611
3758102944
5740
3758097048
25354
3758100320
50813
3758102200
3613
3758101912
44267
3758102080
16323
3758097224
49147
3758098040
60809
3758106112
15817
3758102360
13286
3758103472
38801
3758102880
31412
3758106472
68315
3758103016
24719
3758098472
34306
3758100576
60362
3758101072
46013
3758102560
987
3758097000
30938
3758102816
68447
3758097472
54997
3758101112
53116
3758096408
64295
3758097600
47324
3758100544
9529
3758102712
44005
3758097232
22384
3758097856
34794
3758097864
44514
3758104168
45543
3758098992
66417
3758105712
29259
3758106368
69175
3758097024
25369
3758106480
26186
3758097360
31467
3758106416
26066
3758105864
30949
3758099272
16782
3758100008
29209
3758100856
26429
3758097568
21980
3758101928
60836
3758104712
52759
3758099784
9284
3758106280
63592
3758106232
42585
3758103936
9663
3758099728
31011
3758096920
15157
3758099792
3836
3758099528
63387
3758101584
14241
3758102232
12264
3758100200
10019
3758101768
59061
3758099336
23322
3758102784
59535
3758103128
49554
3758099456
4870
3758098680
59122
3758098624
68021
3758099112
7355
3758099904
56852
3758105112
18957
3758100408
41379
3758104240
13778
3758099096
27289
3758096544
4007
3758104048
10890
3758100864
29303
3758103384
12886
3758106544
42724
3758100120
34852
3758102776
31545
3758100656
13551
3758101384
25168
3758106272
12780
3758103808
46118
3758102968
32137
3758105064
55085
3758103560
21883
3758098784
21508
3758103000
3398
3758099416
32423
3758101208
7468
3758101832
58063
3758100672
27122
3758099504
27593
3758106064
17764
3758105704
62242
3758104632
9066
3758104960
7610
3758103944
26523
3758102288
5787
3758102312
9542
3758105824
23208
3758103440
35022
3758105416
8591
3758100904
9180
3758104280
66897
3758099744
42450
3758104992
11635
3758102296
59740
3758096664
66749
3758098192
27121
3758101696
28643
3758099896
4266
3758102888
40634
3758101960
2208
3758100136
52623
3758096680
64040
3758100888
35866
3758096632
67392
3758102456
55611
3758098560
10025
3758098816
39439
3758101504
9856
3758100112
607
3758105104
39737
3758105312
22099
3758096800
57030
3758098880
24483
3758102760
181
3758100944
42016
3758103216
23273
3758097816
10224
3758097424
45688
3758104616
52730
3758103344
40568
3758101216
799
3758103048
44252
3758097272
3070
3758096736
60573
3758102072
47881
3758100512
6384
3758103080
35342
3758105640
20554
3758098632
3191
3758106024
50243
3758099152
43071
3758101704
50937
3758104784
64798
3758097376
5112
3758100976
47355
3758101944
39450
3758098984
2655
3758101008
25891
3758102384
43443
3758100392
25897
3758099840
11639
3758101152
58048
3758100256
53273
3758105552
671
3758101952
16121
3758098776
49106
3758101616
66856
3758099648
34411
3758104224
42960
3758098936
32791
3758102504
5352
3758103320
47129
3758104872
12238
3758103432
27212
3758104008
18588
3758097456
24241
3758097704
22011
3758105656
51996
3758099408
19268
3758099224
45355
3758097952
6579
3758099888
11803
3758098264
18797
3758100016
42289
3758098360
17877
3758104472
26760
3758096968
64386
3758104016
27218
3758106216
47789
3758100176
53244
3758103328
58492
3758098760
23788
3758102744
45141
3758105488
63219
3758103896
2426
3758097440
57800
3758102848
35276
3758097432
64007
3758104136
56674
3758105456
49073
3758099424
42390
3758098224
46567
3758101472
59933
3758105872
45380
3758105024
25185
3758098832
31417
3758101568
68547
3758100192
18934
3758098496
12893
3758101752
62734
3758100520
36508
3758103224
47002
3758102408
55706
3758104768
61471
3758100600
36974
3758099376
66239
3758097512
57244
3758098320
61342
3758103040
61889
3758106256
54911
3758104984
28458
3758102264
28606
3758102912
49942
3758097648
61173
3758097584
40192
3758105840
56344
3758102064
30254
3758097248
39847
3758096464
66824
3758101760
3125
3758104032
10527
3758104952
43476
3758097888
59206
3758096672
46599
3758100448
817
3758097672
43789
3758105960
30846
3758099616
42237
3758104976
26318
3758101592
67335
3758101392
38972
3758099320
27634
3758100832
25217
3758099968
3963
3758099280
67969
3758100352
57387
3758104464
13565
3758104120
33469
3758101160
44918
3758098592
18039
3758104128
985
3758104824
63787
3758105016
28022
3758098368
23743
3758104576
65572
3758104920
56812
3758101488
26954
3758099864
56496
3758097288
33682
3758103864
24626
3758097800
41292
3758106376
56264
3758097144
32736
3758099440
11936
3758103400
28180
3758100784
2256
3758098176
39232
3758103784
14963
3758096896
54610
3758106136
38664
3758103768
43455
3758105392
11612
3758098296
39772
3758097120
45715
3758102600
5575
3758101040
63172
3758097256
61353
3758101232
54956
3758096824
43709
3758101408
61428
3758098808
43606
3758098736
7238
3758104400
13986
3758101856
43306
3758101800
36163
3758101776
3563
3758097640
26692
3758105056
39319
3758103624
57769
3758102576
27076
3758100240
25763
3758100552
53511
3758104600
3385
3758098576
57144
3758106400
46370
3758098064
38549
3758096720
65438
3758097496
28691
3758100896
40825
3758104336
591
3758099592
26949
3758101048
68689
3758101296
15275
3758099368
68159
3758102480
49748
3758097624
34712
3758099472
2757
3758105376
45682
3758102400
12337
3758102392
37446
3758102008
61093
3758100880
42272
3758096568
64133
3758097240
51701
3758096816
64189
3758106336
44769
3758101168
54626
3758105232
26270
3758104624
31092
3758097088
27759
3758099704
24504
3758097592
44648
3758097728
54881
3758105192
40152
3758099664
13065
3758106304
19523
3758099352
7027
3758105784
43394
3758097848
52786
3758102624
67454
3758097016
7347
3758098848
22205
3758100248
25111
3758102240
16850
3758100504
30926
3758105984
698
3758098424
37700
3758104752
30037
3758099688
6774
3758098768
89
3758100368
20693
3758102128
2094
3758096456
68794
3758100328
37791
3758098616
67209
3758099832
2972
3758103104
42946
3758104248
13532
3758096488
18273
3758101192
61044
3758103168
3623
3758102320
41702
3758101688
23092
3758101896
59757
3758097720
27521
3758100584
59867
3758096584
50630
3758105120
14527
3758103984
3946
3758102056
56814
3758098128
42013
3758105280
13215
3758098080
65142
3758104040
32631
3758103880
27745
3758105768
21010
3758105336
10475
3758104384
67808
3758099384
55444
3758101880
8170
3758097264
20084
3758098840
66472
3758099936
16270
3758098048
14043
3758106184
31469
3758096904
2353
3758100072
25077
3758102856
63846
3758098600
48247
3758098056
51172
3758098280
66248
3758097968
23894
3758104184
28316
3758096520
66703
3758103848
37467
3758096928
7688
3758098664
47097
3758102960
41837
3758097280
52646
3758101360
13260
3758105352
27900
3758103968
67264
3758105608
19074
3758099960
35377
3758098944
25841
3758104528
25958
3758103360
14242
3758098312
62379
3758101224
41062
3758099816
67986
3758106584
36059
3758101376
27920
3758102592
3836
3758106192
27796
3758098152
41139
3758105760
43906
3758097560
7078
3758104000
17378
3758101320
34311
3758102248
66928
3758104416
42818
3758105568
33560
3758106360
67909
3758103368
16785
3758100456
8656
3758100720
64636
3758103656
45552
3758100128
8292
3758106208
26259
3758100496
6751
3758099448
18309
3758105600
51201
3758102904
22824
3758097128
5510
3758102520
29359
3758096856
64693
3758098928
63440
3758098328
33026
3758097960
45454
3758099520
31746
3758098720
8699
3758097416
1926
3758101528
22639
3758100184
53601
3758104232
27073
3758097552
35939
3758103928
37276
3758099024
66120
3758100296
38528
3758106160
15467
3758096496
55813
3758098960
4865
3758102096
66633
3758101064
7030
3758104360
6755
3758099008
35286
3758101328
8226
3758098480
6644
3758100528
10813
3758104608
48603
3758099872
63813
3758096784
67622
3758098704
5192
3758103976
61397
3758099944
57078
3758104816
16542
3758102168
44495
3758097032
23443
3758103464
17296
3758103640
5192
3758096472
10608
3758106056
48962
3758096552
55571
3758106560
30058
3758102672
68998
3758104688
26193
3758105368
32330
3758099880
63242
3758099912
21664
3758102568
13970
3758101576
35268
3758104640
61865
3758098744
55491
3758105832
68763
3758103760
28239
3758102984
40083
3758102000
26898
3758099512
24657
3758105040
8540
3758102808
28617
3758103520
60505
3758097936
10499
3758097368
31505
3758098256
32560
3758105888
7814
3758100960
19328
3758103352
32879
3758103152
35112
3758098016
57319
3758101272
61654
3758096528
30109
3758098072
10569
3758103096
64510
3758102680
48961
3758104912
49513
3758100632
52163
3758104480
30649
3758105048
67782
3758098392
57754
3758098920
39789
3758106448
46891
3758099656
2054
3758102728
12525
3758103272
37579
3758097528
33796
3758097480
15988
3758103008
45201
3758098672
8275
3758097904
22731
3758099000
5914
3758103120
19483
3758106456
6623
3758103696
6046
3758099624
55702
3758104096
53867
3758099752
24446
3758101184
68869
3758102464
40175
3758097824
13986
3758098288
15277
3758103416
68644
3758103744
39631
3758099176
42235
3758103912
23452
3758099208
50409
3758105912
50102
3758101264
38497
3758105856
37472
3758106320
18301
3758104296
20241
3758102376
53902
3758101416
10769
3758098272
58166
3758103112
22413
3758102352
65310
3758104808
66326
3758099488
67036
3758099736
44767
3758100536
61932
3758099296
23102
3758099600
14590
3758101904
13719
3758098752
30934
3758104968
12506
3758104584
63265
3758106080
61831
3758101648
43204
3758106152
27350
3758103424
31050
3758097312
41659
3758103512
64442
3758098912
15473
3758103904
60362
3758104456
4081
3758104936
5933
3758103952
8544
3758097464
6575
3758096728
66169
3758101744
47364
3758100024
32369
3758099848
45483
3758098976
54122
3758098488
13779
3758096792
27020
3758098168
6329
3758097504
21760
3758096808
41096
3758105520
55253
3758099776
67647
3758101456
42069
3758105560
40250
3758100688
11692
3758098856
59370
3758098120
4761
3758104328
55317
3758097784
66464
3758102440
34053
3758106312
20023
3758097384
63542
3758098096
50229
3758100144
45330
3758103600
53137
3758101720
20769
3758096760
21457
3758100712
37859
3758099608
68991
3758097680
0
0
