184
3758097208
27656
3758098112
39232
3758100792
43961
3758101016
59883
3758097088
7509
3758098424
57776
3758096648
21449
3758098496
56216
3758101456
42984
3758099712
47590
3758098216
61104
3758101248
40702
3758100072
60766
3758099768
64498
3758100928
45638
3758101104
23867
3758099664
6018
3758100304
31364
3758100944
2686
3758097408
69481
3758099792
19715
3758097992
16658
3758100968
4583
3758097128
20176
3758100904
1094
3758097480
64150
3758101408
35639
3758096464
40657
3758096824
61199
3758097232
15889
3758097320
19561
3758099856
38438
3758099488
38770
3758101328
21147
3758099384
59001
3758101480
26392
3758100536
52067
3758096504
34529
3758100992
19708
3758097960
27516
3758097112
14285
3758098832
64568
3758096416
13085
3758100528
8843
3758098912
3927
3758100400
16875
3758100880
40961
3758096440
22377
3758100280
16626
3758099736
39160
3758098872
42523
3758099696
68121
3758099192
68904
3758099840
13416
3758097288
32510
3758097640
47109
3758096424
35634
3758099888
4111
3758098904
50754
3758099672
20461
3758097056
15450
3758096904
64040
3758100920
67393
3758098456
4950
3758100128
53512
3758099784
46820
3758101392
37443
3758098768
26359
3758098512
58593
3758099344
61283
3758098856
69528
3758100608
28864
3758101128
12622
3758096920
68471
3758098064
30213
3758098232
53157
3758099704
40584
3758099240
12668
3758098088
26824
3758101024
4846
3758098160
54011
3758100976
54692
3758098032
26777
3758098008
64134
3758100416
36319
3758099896
49313
3758100352
413
3758101288
62282
3758099616
38660
3758098472
20237
3758101184
53814
3758098152
33116
3758099224
33313
3758098272
54241
3758096880
14210
3758100216
20672
3758096736
18480
3758098816
42254
3758100544
49601
3758101192
51002
3758101176
66438
3758096896
22978
3758099440
16835
3758096944
47431
3758098048
21638
3758097368
15250
3758100592
28805
3758099576
21838
3758096936
50982
3758101440
32383
3758096816
52864
3758097256
61229
3758098520
21579
3758097216
48545
3758098688
45219
3758100096
20657
3758100360
7528
3758097392
48519
3758097008
22423
3758097720
16157
3758101256
38054
3758099760
24659
3758100736
47736
3758096432
13981
3758097592
44272
3758097872
33559
3758096768
57853
3758099376
68491
3758100832
28913
3758100688
67257
3758098288
10783
3758100464
25119
3758099944
11808
3758101200
5088
3758097496
33110
3758100288
45256
3758097712
31041
3758098240
3765
3758097824
28349
3758100504
59672
3758099608
19408
3758098616
63978
3758097528
34412
3758099280
9442
3758098504
50947
3758101168
45970
3758097016
69399
3758101296
32041
3758099304
41295
3758098640
59924
3758098368
61531
3758099168
27524
3758098552
4992
3758100392
61643
3758097024
12046
3758101320
50953
3758100728
19593
3758099864
64780
3758097120
47467
3758096704
31326
3758096808
16096
3758100568
27090
3758098840
68624
3758098376
24794
3758096952
53084
3758097096
46935
3758099680
68045
3758101304
51708
3758098576
13780
3758101488
39187
3758101360
5848
3758100856
66631
3758100752
14748
3758100152
56790
3758100656
53200
3758100408
56865
3758100432
22888
3758097928
23457
3758096960
68787
3758097280
50536
3758100120
10658
3758098752
53658
3758100576
47094
3758096968
28159
3758097264
48853
3758098400
25501
3758098920
69242
3758098536
21984
3758099184
47671
3758100616
52190
3758100424
42959
3758096408
61438
3758099008
5967
3758098480
1051
3758099880
18291
3758101136
67507
3758098432
43055
3758097072
16130
3758101232
47624
3758097064
28053
3758099912
68023
3758097744
59828
3758099032
30197
3758101000
19399
3758098776
40013
3758099816
3716
3758099648
45932
3758098120
10528
3758099296
68048
3758097536
14734
3758096776
30394
3758100648
6154
3758098304
15908
3758097248
7481
3758101376
66527
3758097296
30499
3758098664
7867
3758100080
36713
3758097664
2870
3758100016
32475
3758099088
38506
3758099776
55156
3758100672
13805
3758099872
57299
3758097520
17793
3758097968
59782
3758100328
12408
3758098280
53835
3758096680
4542
3758096792
58426
3758100000
39966
3758100168
11695
3758096888
24779
3758097328
45372
3758096456
39548
3758096720
13999
3758096520
5186
3758096832
32297
3758100208
30539
3758096992
41879
3758097104
53790
3758099160
61931
3758100384
50958
3758101040
61649
3758099952
36151
3758099560
31191
3758099640
9071
3758097736
15767
3758099096
22208
3758096608
20493
3758101464
62075
3758100848
55989
3758099752
63377
3758098176
20437
3758098056
68844
3758096672
47628
3758101224
35370
3758100040
64793
3758096848
69379
3758096488
46984
3758100624
19957
3758098384
33476
3758097560
59295
3758098208
19602
3758098584
18134
3758096480
26497
3758097808
3
3758101072
18350
3758101048
1595
3758097352
33599
3758100512
51975
3758100184
47993
3758099800
13523
3758101112
21111
3758097584
41696
3758099288
28325
3758098200
18313
3758097552
15876
3758098080
69389
3758097608
43632
3758096712
15293
3758099992
33040
3758100312
20729
3758097512
2695
3758098728
56816
3758098696
35276
3758099960
69082
3758097616
38174
3758098968
20795
3758096800
46925
3758100368
35296
3758096728
59169
3758096656
66810
3758097880
67035
3758099456
57393
3758100320
41260
3758098136
35932
3758098296
54191
3758100232
48456
3758098016
54376
3758098744
49845
3758100704
43484
3758100480
69455
3758101032
16084
3758099040
64099
3758101416
36567
3758100248
46553
3758098952
27796
3758098720
9422
3758100200
29390
3758097504
47681
3758099416
16823
3758097624
45289
3758099632
62432
3758097376
49526
3758096400
30788
3758100720
38973
3758100520
29474
3758097544
61721
3758099728
49741
3758099504
38050
3758098784
56315
3758100664
26504
3758099592
58013
3758098072
39623
3758098632
53598
3758100768
51201
3758101312
68043
3758098568
31567
3758099208
4120
3758098224
22659
3758097160
14398
3758098544
9840
3758100240
49040
3758096528
9749
3758097976
31956
3758099256
59350
3758100888
23176
3758098408
51907
3758097760
936
3758097000
60117
3758096688
28034
3758097752
37097
3758097680
28406
3758099448
21451
3758099352
21982
3758100160
29397
3758096760
62824
3758101448
64320
3758097848
59911
3758099064
17854
3758099824
11128
3758099312
50484
3758097424
953
3758099144
60800
3758100680
16162
3758097984
30245
3758097728
12532
3758097272
24445
3758100600
63389
3758098352
66473
3758100136
62785
3758098824
23832
3758097136
18070
3758099552
45851
3758100784
62365
3758100696
36945
3758098104
59686
3758100104
44193
3758097768
14733
3758098360
21242
3758101240
3318
3758097784
65439
3758099368
31218
3758100952
560
3758100296
3836
3758101160
42725
3758096472
22202
3758096616
30548
3758100448
55094
3758099928
45209
3758101208
51135
3758097432
53756
3758097696
60867
3758100176
63230
3758098560
16385
3758099136
41810
3758099984
12149
3758096872
39652
3758101152
61759
3758098672
47344
3758099104
47629
3758098192
59793
3758097448
3870
3758100088
6804
3758099920
19876
3758100496
45466
3758101144
68209
3758100064
38095
3758097184
43549
3758097920
19618
3758097336
66700
3758096624
10418
3758101352
26205
3758101088
52742
3758097472
31282
3758097672
47330
3758100584
32770
3758099512
5164
3758099408
23896
3758099072
25425
3758098184
8247
3758096576
55132
3758097688
15679
3758100872
8074
3758097032
65740
3758098808
7282
3758101424
51186
3758097656
29221
3758097952
39785
3758100192
32906
3758096912
55794
3758097440
61054
3758099264
55774
3758101272
40173
3758098312
4508
3758096544
32936
3758100048
24475
3758097832
22284
3758098448
67892
3758098760
49861
3758098960
49436
3758097840
50925
3758097176
50990
3758099600
34028
3758098440
34377
3758097776
27007
3758097040
52561
3758100024
69189
3758098248
18083
3758101384
10054
3758098792
62327
3758101120
49098
3758096752
65986
3758101496
42612
3758096928
14371
3758100816
9340
3758100456
50761
3758098888
7649
3758098608
63872
3758096976
23818
3758100776
25607
3758098040
61574
3758096744
57613
3758100824
47091
3758098128
61903
3758097856
61482
3758097704
8070
3758099048
15515
3758099976
55974
3758100224
43051
3758100760
24542
3758098416
58619
3758099200
32535
3758098936
3835
3758099936
55204
3758100936
53964
3758099848
48934
3758100440
57666
3758097080
68109
3758100864
38066
3758097312
44735
3758100336
23462
3758097912
49633
3758100344
34287
3758100800
895
3758098712
45824
3758101432
51667
3758097816
29405
3758097144
55614
3758097864
6337
3758098880
21999
3758101336
29787
3758099496
24535
3758100056
3708
3758100808
31097
3758101472
24994
3758099000
47940
3758096864
7057
3758099624
55945
3758099016
43350
3758096592
25809
3758100552
64343
3758100896
34603
3758099024
25099
3758096856
16886
3758096536
33299
3758097224
42410
3758100112
30324
3758099656
32958
3758101008
65585
3758097488
38543
3758098592
843
3758099536
15515
3758100488
1956
3758098896
61352
3758096512
20205
3758098656
48054
3758097456
35561
3758098928
18422
3758100960
20878
3758098680
21527
3758098736
61333
3758100256
60944
3758098328
748
3758100272
36379
3758100264
57084
3758099128
57
3758097168
7557
3758096640
62955
3758099904
25723
3758101344
1605
3758100912
62805
3758098992
52838
3758096632
47087
3758097800
18705
3758097632
21167
3758099120
25669
3758099392
20428
3758096984
56159
3758098648
57691
3758099152
46204
3758097888
42088
3758097568
18762
3758100560
55374
3758098096
12332
3758098944
37317
3758097400
61672
3758101216
8794
3758099400
19568
3758100984
21739
3758101280
38880
3758099808
3302
3758099056
11321
3758097200
58894
3758100376
18359
3758096496
47410
3758097384
43219
3758099176
12258
3758101368
3563
3758099544
2746
3758096552
41886
3758097896
37185
3758100744
33146
3758100712
19048
3758099424
3478
3758098344
44545
3758099232
51720
3758100008
25466
3758101056
57557
3758099216
14422
3758097304
17581
3758098264
43815
3758097344
28578
3758101096
28366
3758099336
49695
3758098256
47298
3758099520
40248
3758099272
29080
3758096448
25843
3758097936
11712
3758098976
63374
3758096568
19553
3758099472
60932
3758101264
50076
3758097600
40644
3758098704
28204
3758099968
16291
3758101064
56460
3758099584
55641
3758097792
18376
3758098464
36475
3758098864
19463
3758098984
12578
3758097416
7750
3758099464
18149
3758097192
8956
3758099744
3880
3758099720
45722
3758097240
24555
3758099320
25717
3758098336
31895
3758100840
38507
3758096664
68881
3758099328
52289
3758097464
61677
3758099360
18951
3758100032
6324
3758098000
19003
3758096784
62734
3758096840
9565
3758096560
2466
3758097048
35838
3758099480
13234
3758098624
41856
3758096600
58046
3758097576
55850
3758096392
54059
3758097152
40853
3758098024
54690
3758097648
2166
3758101400
43393
3758099080
37185
3758099112
16575
3758098320
7943
3758098144
50531
3758097944
69083
3758098848
43985
3758099528
56172
3758099688
1986
3758098800
57121
3758096584
28990
3758097360
45914
3758100632
24081
3758096696
36203
3758099832
55814
3758098392
66342
3758098168
2903
3758099432
39068
3758100144
459
3758101080
16742
3758098488
19994
3758100472
54604
3758100640
67362
3758098528
33456
3758098600
20265
3758099248
12933
3758099568
2002
3758097904
0
0
