10 19 81 16 66 81 56 50 8 94 24 85 41 79 49 99 88 79 78 64 54 57 52 93 41 72 75 47 52 51 75 70 57 47 5 30 51 40 48 41 4 30 95 80 25 4 75 50 90 41 80 9 95 91 44 8 25 70 61 2 15 24 6 86 60 39 68 0 10 63 78 100 89 70 83 15 53 12 76 24 25 81 39 45 86 45 22 27 67 58 99 58 77 34 47 50 68 70 36 33 
39 50 25 80 79 89 30 84 9 88 89 35 61 81 54 49 58 37 12 18 33 67 42 58 77 60 76 15 78 63 6 24 54 50 77 80 15 90 100 11 40 46 90 51 73 30 59 46 80 58 25 84 49 35 64 80 94 85 37 76 74 75 21 92 17 81 80 46 51 9 30 55 18 7 16 82 2 14 0 25 96 97 78 28 99 53 34 53 26 46 12 95 87 33 47 85 1 52 33 50 
59 90 74 88 64 74 21 58 1 14 43 37 94 73 67 31 14 72 0 65 96 87 44 24 89 81 68 67 62 74 60 32 84 81 60 48 28 95 58 91 67 32 15 3 17 70 11 92 83 50 1 13 82 33 85 84 92 52 98 75 27 62 37 48 98 76 52 98 58 30 92 17 23 77 56 39 99 78 35 91 95 5 85 30 99 38 44 54 27 78 43 100 63 20 97 74 38 88 30 73 
59 51 89 90 61 21 58 11 22 3 1 30 13 36 55 46 15 75 71 5 65 83 66 68 70 79 70 19 53 82 9 15 8 27 78 8 91 18 50 57 64 12 42 5 55 90 11 61 71 97 100 55 64 41 28 96 21 20 45 58 56 15 72 58 100 96 17 100 97 89 69 90 49 10 11 47 82 88 25 80 46 42 40 25 62 71 54 29 49 27 42 73 0 11 29 79 93 97 16 58 
84 33 16 9 42 14 39 46 46 61 65 94 30 44 36 13 30 95 63 65 91 3 1 77 87 26 84 96 2 30 85 33 56 48 38 59 69 67 2 78 4 56 86 6 5 94 90 41 42 99 92 86 77 60 5 53 39 40 82 96 47 60 5 50 15 32 31 66 9 19 76 62 98 75 40 58 48 71 56 92 39 14 93 33 4 75 47 95 1 58 20 37 63 3 41 49 9 82 0 69 
29 79 28 27 52 90 46 84 27 36 83 63 75 17 38 86 23 89 50 18 54 7 89 45 31 94 53 5 3 23 60 57 28 25 53 58 49 86 68 37 71 40 95 61 59 100 100 67 7 87 88 30 24 69 100 18 74 41 0 58 36 1 49 88 0 58 12 19 10 77 70 97 30 4 37 99 10 33 45 74 9 25 100 27 96 74 91 20 34 56 56 90 77 71 64 48 29 85 24 49 
96 0 99 82 48 33 12 33 32 82 59 92 47 81 72 63 67 74 26 42 51 40 35 59 99 39 48 68 48 12 61 15 42 8 29 57 57 11 0 86 74 32 10 74 32 33 68 42 22 79 70 64 90 21 40 4 74 10 16 27 5 62 65 52 66 56 92 31 74 15 3 33 75 93 46 31 10 7 56 55 67 54 55 0 93 79 61 52 94 3 40 13 72 31 55 26 93 2 52 56 
80 55 72 46 3 80 18 7 51 94 50 48 97 71 18 93 60 76 59 98 29 43 58 98 73 90 15 87 39 8 16 89 94 7 15 100 21 39 99 46 0 83 30 48 32 91 14 87 9 73 93 99 15 18 81 58 83 26 2 29 94 10 15 44 8 100 97 49 50 97 100 1 97 52 12 28 54 20 14 41 78 11 84 97 42 11 38 41 87 23 81 24 27 57 89 72 11 89 45 35 
98 79 5 1 59 98 77 53 44 79 77 89 9 43 81 68 82 3 68 69 8 87 8 90 47 76 96 80 57 17 63 94 68 42 63 81 30 65 80 90 13 21 50 53 11 6 5 15 61 94 3 9 100 88 36 30 33 28 37 34 27 31 15 0 42 34 19 68 98 27 46 80 71 79 43 2 36 98 97 87 79 91 40 6 36 39 17 82 6 52 66 87 67 88 47 47 38 80 29 20 
78 77 75 27 33 39 88 29 17 34 50 63 31 82 56 66 77 69 88 12 82 27 74 90 60 24 41 87 66 22 18 8 27 1 95 57 26 68 20 58 59 92 34 27 46 35 78 11 100 8 42 53 41 77 8 29 52 7 22 70 9 59 59 31 9 11 53 17 4 88 0 0 82 19 100 7 90 77 39 86 18 50 62 46 74 0 11 40 83 100 73 95 74 98 4 24 30 5 56 49 
76 84 84 71 61 69 46 77 60 32 50 27 91 73 75 24 81 89 7 56 10 96 29 88 16 39 24 32 45 68 98 85 93 99 41 51 15 34 93 41 91 95 78 44 100 13 21 31 57 30 6 77 66 8 19 26 59 15 71 22 68 48 81 86 25 33 35 18 43 55 63 78 84 56 93 91 14 59 15 58 79 15 21 10 97 80 76 6 20 28 96 77 41 76 92 46 68 70 22 78 
2 73 84 82 33 0 61 26 56 74 31 32 100 77 56 83 38 9 32 98 12 47 24 91 76 99 93 69 6 23 43 66 83 14 79 70 74 18 74 19 13 68 90 92 8 19 89 36 22 78 79 5 92 41 33 58 10 81 22 99 49 72 31 79 0 53 88 20 20 16 16 27 98 44 69 38 59 32 0 98 10 24 43 38 69 31 59 54 81 60 45 56 2 56 6 61 18 67 56 49 
97 88 19 80 58 5 3 98 42 18 37 53 90 100 43 54 29 58 74 33 8 15 56 88 30 2 66 79 97 59 51 50 50 32 37 58 84 75 62 7 78 53 3 28 11 88 32 47 1 49 9 72 98 45 69 2 79 94 69 33 36 0 4 43 94 42 79 14 13 52 34 83 90 84 66 17 27 60 87 52 7 15 18 57 50 57 68 8 46 80 62 51 87 90 37 7 68 36 41 3 
36 53 82 51 28 80 61 30 74 25 12 7 22 67 65 8 65 57 83 58 60 71 40 60 86 78 48 3 8 46 32 17 27 78 90 94 67 61 6 10 89 96 61 65 4 57 57 19 84 36 88 56 87 67 86 82 44 55 82 98 36 61 4 38 98 71 51 65 58 21 86 98 15 99 0 65 43 80 84 63 54 71 55 44 69 94 58 33 78 74 84 36 33 26 68 63 65 89 67 78 
46 27 75 45 63 31 85 89 33 16 28 28 45 19 42 76 88 49 90 13 24 4 9 29 37 47 80 22 18 78 45 15 20 45 23 14 8 100 54 5 95 39 87 24 23 76 44 96 15 7 67 65 6 86 59 38 26 47 7 96 54 2 85 77 33 99 80 72 31 22 81 33 4 15 59 69 49 74 24 41 8 23 15 62 61 93 71 28 4 93 32 34 41 39 59 59 59 91 46 95 
80 65 100 27 83 44 92 50 67 37 34 70 27 8 35 90 98 77 87 63 27 63 77 91 99 88 5 16 2 72 13 41 15 72 44 39 66 1 3 83 34 22 30 96 23 5 20 22 60 53 56 60 46 4 52 56 77 61 82 63 21 53 46 30 6 4 89 10 67 78 9 24 98 99 32 42 81 80 58 82 44 85 87 83 70 10 5 67 56 39 41 68 39 29 16 50 50 15 15 96 
50 3 70 65 19 77 71 83 4 45 45 38 61 12 41 10 5 23 65 82 53 33 60 6 94 34 78 49 38 98 67 98 41 81 52 39 44 29 36 48 47 59 49 71 27 9 68 47 80 89 97 8 51 56 33 46 5 47 40 9 9 19 67 28 84 57 18 86 36 70 47 60 91 36 14 72 16 6 96 11 35 85 72 91 71 91 29 54 80 9 38 87 44 56 46 82 26 37 74 0 
87 4 92 100 21 24 68 1 26 21 5 95 71 60 19 1 64 91 30 13 41 60 6 98 72 49 39 80 87 95 14 63 29 60 87 62 54 61 90 48 17 22 92 21 58 96 77 93 93 82 93 49 52 84 0 2 21 2 10 42 55 21 55 49 90 75 80 58 82 49 7 71 26 30 15 74 10 57 82 67 20 10 95 65 77 78 98 7 89 76 77 98 34 61 40 88 84 65 91 22 
26 29 67 42 84 77 37 79 89 29 80 3 49 13 4 96 79 53 3 72 44 43 13 38 16 53 55 72 0 39 15 11 96 69 26 54 45 97 50 77 44 96 9 17 3 80 60 57 27 40 47 84 59 77 93 96 80 51 78 33 42 96 16 77 84 78 32 12 76 17 70 22 37 85 64 46 86 91 69 30 75 33 52 36 36 38 18 79 89 82 22 91 74 6 8 4 19 93 7 60 
34 41 41 42 43 71 4 81 62 81 88 35 54 71 53 67 29 70 2 7 3 75 73 8 1 5 80 14 20 17 84 98 85 14 46 19 99 36 7 3 61 26 25 21 37 7 61 39 34 2 47 65 32 9 68 5 61 70 47 30 44 20 71 74 35 9 11 47 15 10 4 75 79 52 22 88 84 94 95 97 95 21 22 69 7 99 90 81 16 63 16 73 15 69 50 48 11 0 22 86 
80 80 70 95 13 1 63 35 4 47 100 3 14 20 53 41 53 73 24 21 14 96 29 41 75 14 80 18 29 98 49 55 86 66 99 34 84 77 36 14 14 97 0 39 76 80 7 26 92 0 35 22 6 82 82 74 53 94 60 28 17 57 32 33 82 84 46 44 97 87 72 100 73 84 36 14 54 24 7 37 26 38 61 6 59 51 69 85 8 0 28 11 58 25 85 52 84 34 32 80 
15 38 44 23 34 89 55 68 14 80 16 77 86 71 46 60 1 65 6 34 94 23 6 32 30 82 62 57 39 2 52 65 31 38 38 26 34 52 19 72 48 45 64 46 58 2 22 13 66 42 44 52 90 47 82 5 70 51 85 26 8 95 67 31 89 7 81 33 5 41 59 41 34 2 33 67 48 87 69 4 42 39 68 57 70 92 45 50 55 45 50 75 97 83 36 65 73 23 72 25 
69 41 26 30 21 60 99 20 36 17 74 92 27 45 31 46 53 63 32 82 53 94 94 25 74 4 75 88 78 29 71 26 10 53 96 50 76 61 53 69 18 48 13 99 37 42 5 4 40 23 6 15 60 66 61 20 36 30 58 32 93 2 69 27 45 11 45 50 99 60 69 47 54 78 42 68 4 1 9 85 71 82 8 70 56 59 62 68 17 64 8 38 35 44 4 44 39 59 74 11 
25 75 19 44 66 94 67 66 47 22 87 74 41 21 21 76 87 93 55 87 24 65 52 50 33 45 3 26 44 34 18 37 55 69 17 23 19 1 45 68 72 3 48 16 39 69 13 74 47 30 26 57 38 51 54 78 35 92 16 59 86 35 85 5 97 46 35 45 74 3 13 95 10 12 28 84 49 76 1 12 47 35 68 98 7 6 55 49 56 4 99 61 26 8 95 61 76 83 100 99 
38 60 33 99 50 36 55 16 56 34 67 48 79 23 45 30 54 12 98 29 54 63 42 19 34 34 90 51 73 67 25 53 83 47 55 31 83 10 97 94 68 28 31 21 99 50 28 41 59 91 18 82 43 51 12 9 77 56 6 85 46 32 3 61 43 23 91 31 55 87 100 62 42 88 51 20 81 79 96 79 97 25 81 100 53 29 5 6 67 13 69 84 47 45 9 68 94 3 95 7 
30 56 30 50 48 6 9 64 65 94 88 38 74 46 6 55 29 82 13 0 78 39 52 98 67 60 50 99 81 45 78 68 4 40 40 36 41 84 89 69 27 74 14 100 63 54 49 66 71 8 17 55 38 68 67 75 89 41 46 90 75 53 19 2 4 39 14 63 31 67 90 94 16 47 99 48 38 78 58 65 80 52 7 80 83 99 71 96 83 95 75 86 56 57 27 7 51 71 47 78 
7 81 69 53 78 1 57 49 77 35 4 59 56 23 32 48 76 28 51 50 15 83 56 2 24 2 81 87 72 39 37 77 44 28 49 34 42 59 7 80 5 8 86 75 45 60 81 39 27 51 97 51 93 56 91 68 52 32 45 53 22 70 31 53 45 77 5 57 29 82 57 72 32 92 81 38 53 61 29 80 26 0 52 77 29 59 1 91 21 51 33 9 5 92 40 63 9 0 90 59 
35 35 26 77 54 26 54 8 7 7 20 51 61 5 4 61 21 36 11 85 40 69 7 36 31 16 48 67 19 44 31 58 57 3 20 70 98 83 99 63 81 86 0 55 0 47 90 14 49 29 30 23 95 43 54 48 59 15 49 8 38 46 79 4 20 2 37 98 92 72 88 32 97 66 77 68 40 70 41 98 50 44 95 43 14 30 26 41 30 56 0 15 0 44 30 0 0 86 47 93 
80 34 6 5 100 99 15 11 36 62 19 87 87 46 19 28 57 8 69 27 63 54 44 52 15 18 29 27 12 24 13 5 3 73 77 34 72 85 50 35 71 10 44 64 43 25 11 57 11 20 90 37 79 48 8 23 58 24 93 60 51 47 38 96 17 41 1 71 100 51 8 15 17 27 45 3 20 10 6 98 9 56 56 12 22 93 13 33 37 92 1 91 15 21 98 42 43 1 48 89 
58 87 54 28 36 78 74 10 56 49 77 77 89 74 56 69 51 32 6 53 70 79 68 35 71 49 71 72 11 12 9 41 41 23 20 5 80 77 6 80 34 68 37 61 13 81 47 79 82 89 43 74 94 31 78 84 1 87 25 80 64 4 7 81 52 99 64 42 6 27 93 78 88 53 95 46 40 90 72 24 37 7 91 42 47 3 40 57 10 8 43 79 70 81 48 47 30 51 21 75 
96 19 75 88 51 5 73 37 82 64 11 43 49 65 78 5 4 8 69 34 35 100 23 87 39 55 4 47 95 63 45 98 48 41 69 59 0 71 34 81 37 1 39 39 78 3 94 5 10 57 46 78 45 40 90 94 0 97 55 44 84 80 45 95 35 51 25 9 97 78 64 89 80 25 36 28 57 95 32 92 51 100 95 47 13 90 65 69 1 4 3 81 55 32 20 50 1 9 100 98 
30 23 85 54 39 88 22 16 0 17 66 91 74 99 38 59 83 13 87 95 47 73 6 13 70 8 52 52 26 80 60 3 18 29 8 43 64 93 0 86 4 23 42 81 50 81 99 38 87 17 44 44 90 85 86 68 60 47 8 3 27 72 81 14 44 6 81 64 50 4 65 77 60 22 0 14 59 53 85 11 54 13 85 64 87 11 7 92 46 30 52 98 60 83 40 98 3 13 43 60 
59 4 66 22 47 63 59 4 38 1 100 71 89 27 36 22 36 61 59 42 85 94 73 84 28 55 59 80 38 27 63 66 63 51 8 99 96 12 33 70 62 9 0 82 78 6 52 66 52 14 34 32 83 30 74 33 56 76 69 49 50 15 26 23 50 49 16 90 44 52 86 2 14 30 80 51 19 50 62 34 73 19 55 56 28 25 76 41 16 56 74 8 0 12 76 13 27 81 62 18 
55 71 46 90 70 9 48 11 36 88 20 29 33 75 59 9 82 44 0 37 48 43 11 2 80 44 74 27 75 1 4 37 92 91 45 53 27 72 1 53 99 96 49 79 52 60 63 12 19 73 23 5 21 3 24 0 21 54 78 38 68 85 35 50 4 67 41 86 22 61 78 29 44 33 46 9 44 47 73 69 5 47 14 20 63 93 34 15 25 16 89 30 90 42 31 52 51 62 14 0 
79 58 45 33 10 6 78 56 83 94 26 55 31 81 54 55 21 89 67 76 36 3 38 12 43 43 70 71 87 24 91 90 40 53 65 60 63 42 32 62 8 46 20 40 22 44 18 75 85 86 71 83 11 45 14 53 52 49 82 100 93 58 2 65 44 55 38 31 73 26 89 48 49 96 89 57 30 12 81 68 92 44 75 14 27 51 31 96 31 11 100 61 53 82 1 58 2 1 34 47 
10 95 100 17 35 32 65 33 2 10 6 56 93 99 9 28 83 23 34 8 64 97 42 96 11 17 81 15 20 15 46 0 27 88 11 76 32 22 41 39 73 33 43 44 57 76 23 61 39 14 78 58 77 35 56 100 72 12 66 26 50 31 16 23 54 62 7 33 49 82 12 15 88 88 52 29 12 49 36 18 10 44 67 30 62 39 54 50 57 97 31 37 97 16 56 96 25 17 70 69 
41 73 71 51 27 56 53 55 6 82 35 64 1 60 47 11 72 70 30 5 13 93 32 82 90 32 99 74 78 36 49 23 13 65 62 69 100 95 72 60 87 59 68 30 50 45 89 63 68 24 24 81 40 11 48 10 54 46 85 17 22 66 65 0 36 72 91 9 4 69 98 28 92 48 59 10 8 59 66 22 10 85 49 17 81 82 97 67 0 17 2 15 11 25 26 39 85 76 62 13 
38 100 19 30 43 27 18 13 65 90 52 10 81 90 69 81 0 47 19 77 85 37 56 50 82 26 66 30 41 20 7 64 1 9 33 46 35 63 66 46 12 91 57 3 54 24 73 92 11 15 89 69 77 47 14 46 64 13 14 40 53 86 90 69 47 81 99 38 100 64 88 39 22 34 83 11 62 93 36 65 50 26 35 79 53 47 34 45 66 50 50 20 95 54 10 45 44 55 78 35 
86 47 48 94 64 34 30 87 8 59 50 56 99 89 17 37 73 39 12 46 85 3 71 42 96 23 72 0 40 87 29 93 66 44 54 26 42 18 62 34 16 15 22 14 98 95 18 56 49 34 75 37 56 57 74 18 95 53 75 50 77 11 73 26 48 20 70 77 96 96 83 84 72 57 20 20 61 19 43 45 86 44 11 31 20 95 13 33 78 98 42 75 23 14 58 5 20 88 81 28 
99 96 51 90 77 69 97 18 49 72 76 64 74 16 71 44 12 10 57 95 33 75 67 98 64 78 4 42 41 22 4 76 39 29 71 49 72 47 3 47 8 67 34 14 59 2 65 97 73 43 86 84 15 14 88 56 25 100 87 1 69 4 84 34 91 42 94 65 28 12 86 74 76 38 66 91 97 85 31 25 79 58 12 78 53 0 60 84 23 5 78 29 46 3 65 65 43 88 21 98 
68 78 47 79 29 45 85 68 51 92 26 21 88 89 62 78 17 69 20 20 75 9 46 11 0 54 14 69 42 32 56 67 31 33 38 87 51 74 95 38 22 25 6 27 86 27 49 55 100 39 69 0 77 45 100 24 31 11 77 70 50 97 66 98 56 68 57 12 31 24 76 38 52 82 32 80 71 50 97 99 91 91 43 88 89 22 28 57 39 33 20 85 48 63 32 94 2 0 6 73 
21 33 39 16 9 94 15 4 2 22 52 30 21 81 83 5 74 96 67 11 41 80 14 79 84 26 52 52 15 49 39 39 41 51 39 79 100 77 18 35 12 23 35 82 6 68 84 36 79 53 57 39 50 74 90 40 99 20 66 49 10 22 8 98 74 36 32 68 97 67 67 24 10 34 57 43 8 5 64 57 88 40 47 61 71 31 69 25 41 32 52 67 88 99 36 4 41 66 19 82 
90 50 52 49 16 71 51 18 69 52 81 40 88 73 30 65 18 22 53 54 57 85 98 59 88 39 15 14 38 76 12 66 39 0 18 68 36 90 76 74 40 83 74 57 82 12 67 37 28 39 0 33 54 0 76 98 8 99 4 4 20 43 8 58 36 13 48 12 43 78 94 53 71 56 92 73 66 56 100 1 38 99 42 35 3 77 15 60 7 48 84 71 72 51 7 57 33 76 82 65 
26 0 10 60 9 19 42 6 10 86 15 14 9 28 40 45 22 39 74 89 56 62 28 57 10 75 15 100 29 76 81 26 16 0 23 7 7 97 26 11 84 63 13 81 62 14 37 2 79 67 10 91 10 91 43 37 93 33 25 30 22 0 34 98 91 75 66 98 46 28 87 3 19 39 22 92 62 33 61 100 96 65 74 99 84 2 35 50 53 10 62 62 65 27 88 41 29 31 21 53 
30 96 50 27 85 59 6 83 97 98 37 64 36 15 1 33 29 71 97 40 12 22 49 37 38 91 31 96 17 70 92 96 39 21 8 27 51 71 46 83 32 84 53 23 36 33 41 49 15 78 24 18 62 70 46 23 91 93 20 94 7 12 79 68 26 56 26 74 31 82 58 39 65 51 24 89 50 77 4 22 69 95 46 66 38 38 82 80 14 91 80 83 27 58 6 78 45 88 94 11 
81 84 25 81 88 43 53 73 80 75 7 43 64 63 31 5 36 33 97 72 89 37 1 57 54 27 39 51 93 42 80 12 81 34 8 66 47 9 87 73 4 39 53 20 34 74 53 22 53 28 43 51 83 22 0 37 75 54 28 67 68 6 47 95 96 42 29 12 85 46 84 80 29 19 65 51 24 32 56 75 30 54 92 55 1 53 2 72 37 100 35 27 13 12 22 2 90 80 58 72 
100 92 79 51 33 41 86 85 69 98 24 13 21 95 96 26 100 42 66 37 5 40 73 73 75 34 44 91 13 16 86 44 68 58 33 8 35 79 58 24 34 80 67 53 75 34 79 0 51 2 34 83 93 50 4 5 43 7 11 57 68 49 15 24 74 22 57 25 78 75 79 25 83 46 89 26 37 0 14 24 37 83 95 8 35 49 33 22 99 35 5 34 26 5 54 24 23 96 38 87 
0 88 54 33 90 65 53 49 63 36 11 82 88 34 38 45 65 97 56 96 89 20 39 3 83 17 72 100 23 32 57 16 1 34 30 4 6 91 8 24 88 4 23 97 0 2 24 57 27 48 24 65 82 26 46 41 78 83 36 30 76 68 93 60 58 83 89 10 84 36 11 74 20 9 90 83 73 39 51 7 60 12 19 15 76 10 23 22 22 72 18 50 20 86 6 88 29 89 19 95 
45 84 11 72 53 38 93 32 44 88 80 79 90 91 24 97 10 19 82 43 59 4 37 74 81 59 4 62 51 39 74 8 17 66 83 82 21 85 93 29 58 85 91 7 96 90 76 50 20 66 22 41 6 3 5 52 59 12 64 40 9 50 5 41 55 14 69 62 85 49 16 56 88 96 76 35 100 57 14 78 59 8 36 11 69 62 70 80 14 63 75 48 77 65 22 73 59 5 93 33 
62 26 12 32 81 90 36 78 73 2 65 42 31 48 52 63 34 36 34 29 28 63 64 67 67 19 56 72 75 99 94 81 26 29 42 62 91 70 27 48 87 69 47 5 20 74 88 21 86 8 86 37 0 60 68 71 88 46 47 29 4 37 46 74 54 95 2 27 77 23 89 57 78 59 4 51 87 55 26 89 45 82 42 67 98 31 22 45 28 90 82 87 94 47 52 52 52 12 20 96 
93 16 18 17 24 71 83 51 94 71 86 94 53 80 64 12 29 18 21 66 33 56 3 36 35 76 91 55 26 65 87 29 20 97 77 85 47 93 93 77 21 34 30 63 45 64 21 19 56 80 24 18 83 32 2 28 99 34 30 70 48 18 2 11 98 6 7 36 10 0 51 29 74 47 98 5 70 68 9 88 49 68 62 57 13 5 60 59 0 32 37 79 84 80 70 14 42 69 0 94 
65 18 46 56 26 35 10 88 80 87 47 76 94 53 51 68 86 18 77 23 12 87 0 45 59 34 82 34 19 39 42 28 60 21 56 44 70 81 66 49 89 85 68 93 12 8 12 6 53 23 9 78 27 90 34 79 37 59 69 91 27 23 60 76 9 27 68 81 55 50 14 19 27 25 7 85 57 37 8 43 17 88 4 85 42 8 15 55 18 63 14 59 91 51 64 32 92 91 6 93 
77 93 4 23 77 75 75 15 71 54 47 65 27 91 86 97 48 38 59 100 4 87 99 4 94 25 16 39 90 76 11 17 45 94 89 26 97 67 87 1 47 16 31 27 91 6 38 51 65 81 53 80 87 99 15 24 71 70 47 72 7 8 2 19 16 91 2 64 20 50 15 41 76 52 80 14 29 73 50 84 56 83 73 49 14 3 4 52 82 67 63 42 8 29 11 30 37 79 79 81 
95 75 22 63 16 13 70 79 10 43 94 53 36 43 93 64 31 61 53 77 59 77 91 6 30 31 67 79 42 88 64 36 0 74 71 39 18 28 3 1 96 89 83 56 34 31 30 63 6 88 18 41 44 100 15 36 51 29 41 60 74 72 81 53 47 99 59 84 88 86 1 82 29 9 76 39 85 42 1 86 1 15 32 22 25 78 17 57 14 26 41 61 72 69 35 13 57 13 7 38 
50 71 75 3 20 48 40 31 99 5 95 14 36 66 67 100 76 70 44 5 46 53 60 6 50 60 92 4 5 88 72 2 93 46 51 89 90 55 32 17 67 19 42 43 42 48 63 93 20 3 58 76 31 71 43 86 28 97 24 26 29 12 88 19 52 14 48 91 62 87 10 55 96 24 18 32 34 40 7 34 4 20 31 63 89 61 10 6 39 30 14 96 15 16 60 1 58 97 34 73 
36 9 49 19 97 23 29 86 37 11 16 75 83 76 49 53 50 34 39 56 0 81 16 38 77 24 45 21 25 73 99 23 62 71 94 59 72 71 24 69 54 86 34 71 100 73 41 63 80 87 95 78 60 98 12 23 3 48 70 63 18 20 60 100 69 27 86 63 90 22 42 100 59 27 24 4 59 77 60 96 67 30 13 81 70 72 73 56 25 62 53 13 46 59 63 58 19 40 51 22 
73 54 53 62 84 31 81 42 84 98 77 26 80 70 28 92 95 66 58 53 48 73 65 89 84 8 5 43 76 41 84 80 31 98 37 78 7 97 59 85 90 67 70 55 0 16 70 31 85 52 61 45 77 51 30 79 58 17 81 98 76 49 1 51 29 37 25 62 80 62 24 15 16 87 24 31 64 52 72 40 54 18 85 11 11 55 42 70 22 48 37 78 12 24 66 86 50 72 87 60 
68 41 89 18 6 34 5 13 89 87 59 39 78 68 2 10 98 59 36 98 45 8 26 99 99 57 33 79 64 5 18 45 70 44 67 62 30 59 45 58 33 31 35 33 60 39 72 8 60 28 47 62 7 26 60 87 66 72 81 10 69 7 23 77 34 82 13 36 9 57 47 78 16 97 92 46 42 68 49 3 24 95 23 67 12 7 46 43 17 18 12 14 6 36 13 56 22 21 9 75 
13 7 33 52 90 28 25 12 30 1 72 15 99 71 35 80 87 13 32 47 73 67 71 8 16 56 95 34 18 55 6 29 92 67 51 3 71 48 3 42 5 9 96 6 64 56 64 34 45 26 52 80 8 52 53 87 12 92 39 29 13 5 97 64 90 43 5 63 19 0 63 52 19 78 43 33 17 37 60 22 71 38 45 87 50 30 2 31 96 10 10 63 94 36 1 41 79 67 73 7 
31 60 77 41 69 68 43 74 88 45 43 48 51 66 71 44 12 53 46 58 89 36 27 48 49 10 96 80 29 79 2 89 34 25 59 6 72 68 58 70 93 45 34 27 1 99 94 83 49 80 12 74 10 95 25 34 4 29 25 42 4 18 50 46 75 35 93 53 5 76 9 47 9 69 6 62 57 76 4 18 61 71 25 14 27 34 35 98 85 49 53 98 74 29 50 70 35 97 98 75 
91 80 45 24 41 95 40 59 59 95 1 0 36 46 48 98 43 12 87 49 1 69 28 68 27 73 10 85 68 37 88 64 90 0 67 7 89 86 73 4 91 63 25 55 10 71 9 21 25 20 33 91 41 10 60 89 20 8 96 28 24 59 72 77 79 34 57 49 51 15 69 3 79 47 1 72 57 45 34 8 84 75 46 36 0 57 57 79 68 63 14 99 64 93 41 66 76 42 5 44 
48 61 66 57 78 15 57 52 28 44 84 63 85 11 22 64 60 97 46 40 80 43 96 93 16 57 66 84 100 77 96 90 54 49 53 61 32 91 80 54 29 51 34 75 63 31 61 30 98 49 38 58 72 99 24 65 47 26 85 54 43 43 54 35 55 37 21 20 96 43 60 7 60 76 56 31 71 100 67 70 94 99 4 82 24 51 0 89 73 17 82 60 23 92 54 53 78 53 55 18 
46 60 14 36 10 37 31 0 10 54 67 23 71 94 94 63 64 43 21 43 84 34 71 86 82 74 92 80 56 81 38 66 1 71 34 70 88 58 60 47 99 5 60 8 38 95 54 69 73 14 19 55 38 72 59 30 78 4 53 18 19 82 93 47 58 43 43 71 35 51 27 70 53 38 86 42 55 17 62 41 82 88 6 72 87 97 6 97 69 32 52 37 60 5 72 9 87 94 90 50 
24 33 6 4 97 51 62 14 94 99 72 65 92 67 3 8 71 40 90 80 13 20 78 34 60 72 59 100 11 51 59 76 26 82 65 3 64 58 66 63 100 7 45 55 74 93 36 65 66 49 7 14 16 75 26 47 53 77 26 67 12 9 87 32 51 13 24 9 11 6 39 36 46 62 48 41 38 8 38 70 100 38 60 55 88 61 34 91 41 76 74 54 65 87 64 27 14 33 51 49 
47 31 71 18 36 69 78 24 6 9 26 11 44 100 17 15 36 70 65 25 5 93 76 8 93 27 61 70 29 22 42 31 32 20 60 80 75 48 80 80 52 14 32 86 51 31 34 61 75 77 41 28 26 94 50 40 65 39 10 90 1 38 33 0 57 1 38 71 73 69 92 8 60 44 14 16 83 26 73 35 66 12 23 35 55 26 18 79 23 49 85 15 12 35 100 18 82 15 80 33 
58 16 73 81 87 77 17 37 95 11 54 8 8 3 15 91 4 80 88 43 84 25 32 15 9 79 41 2 81 90 93 92 13 46 13 31 48 45 92 67 30 17 83 61 32 97 54 10 86 87 37 93 70 43 67 85 1 99 56 58 75 79 40 48 64 54 41 35 16 59 75 1 73 32 54 38 85 85 49 57 18 26 30 44 3 78 37 60 75 53 45 85 9 65 73 53 1 12 24 29 
90 61 27 45 11 13 92 31 80 91 91 62 49 29 12 69 81 18 76 12 90 84 24 99 74 67 70 71 67 40 30 65 94 41 56 67 11 41 88 90 99 1 74 75 80 20 62 15 44 74 96 62 58 38 84 11 66 50 60 22 11 50 34 0 99 43 97 10 1 46 86 75 41 71 5 68 51 86 23 5 28 63 78 49 83 57 69 64 78 47 48 34 17 73 99 86 75 42 45 3 
40 8 75 41 40 8 47 82 50 14 23 2 10 87 12 92 51 24 21 64 22 25 58 96 98 62 74 67 40 65 84 42 11 63 87 79 39 56 35 88 96 26 93 62 79 80 36 20 80 23 91 61 22 71 65 59 38 9 68 72 66 10 62 52 57 7 65 96 74 77 35 20 79 59 18 71 94 83 67 16 20 28 21 48 98 84 9 42 47 65 52 20 8 18 31 56 34 82 66 10 
7 33 23 77 87 76 79 41 18 33 74 32 85 29 97 47 71 41 73 28 73 4 80 52 83 33 48 50 92 21 26 8 51 13 20 56 37 11 37 66 67 25 38 85 62 70 74 65 37 8 6 6 23 44 37 97 33 25 1 37 30 58 16 35 17 11 81 48 77 90 2 34 37 4 37 80 30 24 29 59 51 38 3 73 86 20 6 34 93 11 36 44 35 84 39 56 61 97 29 62 
20 14 22 54 29 37 3 19 30 31 76 75 55 50 73 99 54 10 32 89 4 2 10 86 10 7 8 19 65 20 27 95 26 51 55 40 77 52 1 72 63 48 56 96 31 25 99 49 65 48 36 84 49 11 65 61 30 2 39 4 59 13 69 32 54 52 76 64 9 5 66 59 62 59 41 31 12 1 26 75 66 58 8 4 38 9 49 29 60 30 88 81 95 60 19 67 79 41 28 3 
56 87 61 84 89 18 87 58 80 62 6 39 15 41 31 99 52 93 2 94 54 30 51 69 87 10 68 6 18 86 20 10 97 61 51 3 76 57 83 54 26 6 56 31 35 42 65 81 99 13 12 45 58 50 64 70 77 29 57 26 52 31 56 31 73 93 94 64 47 100 64 20 14 49 95 12 3 42 9 41 16 50 10 46 55 45 30 12 71 7 11 75 99 7 89 66 20 34 47 41 
53 29 43 92 52 82 65 50 43 68 88 98 77 48 77 80 72 76 61 81 85 55 100 85 60 5 67 70 53 52 26 24 80 55 19 57 69 64 74 24 95 53 80 39 7 74 34 98 29 88 59 36 36 44 12 25 23 71 77 51 69 30 79 26 22 93 49 86 24 18 87 60 47 10 29 7 1 0 51 23 73 87 34 46 35 93 29 2 98 37 68 37 8 62 13 77 0 61 100 98 
64 22 99 38 9 6 1 28 19 5 59 59 84 77 83 91 7 21 84 14 92 36 63 3 99 36 84 40 41 76 32 12 40 22 5 82 6 100 78 80 57 79 41 0 23 41 82 12 86 30 19 50 66 30 80 30 17 64 68 46 97 50 26 76 42 22 0 57 40 67 55 91 97 79 50 70 31 96 25 68 20 74 26 52 26 8 70 67 1 59 69 2 7 17 97 47 24 69 98 8 
97 58 14 40 60 14 36 20 89 36 19 69 45 5 75 35 58 59 100 5 7 68 24 26 44 81 98 22 53 85 13 33 8 94 77 71 59 70 31 28 27 29 43 22 40 96 77 46 4 75 74 31 95 87 47 7 18 76 64 2 17 0 13 2 91 76 4 67 17 45 56 52 11 31 36 84 45 58 69 95 20 24 93 67 78 28 81 59 77 28 76 7 15 3 4 58 16 88 1 40 
98 22 36 90 83 68 77 67 0 83 42 76 25 90 20 18 60 16 39 49 23 60 78 64 60 10 27 94 7 53 20 40 35 13 45 57 26 61 14 37 77 100 31 42 4 85 39 11 35 93 45 31 18 93 31 73 98 99 22 62 25 1 12 39 14 31 96 2 18 71 72 37 45 94 7 30 92 100 11 11 98 39 4 83 17 27 78 34 43 62 83 92 18 73 73 87 13 35 92 83 
62 8 80 15 46 79 68 48 65 95 74 100 23 25 52 25 72 54 89 90 36 37 98 67 62 95 25 23 81 42 48 43 85 73 89 66 80 97 5 60 63 10 89 72 91 68 11 20 77 85 35 43 27 36 94 63 40 74 26 39 11 61 71 81 65 100 26 76 37 28 48 45 99 93 38 38 77 22 78 88 77 71 21 59 11 34 43 40 35 61 82 11 1 64 89 72 51 100 63 21 
27 33 78 100 13 20 94 46 33 5 48 53 49 47 61 99 83 14 18 21 4 76 28 24 59 97 76 19 38 71 81 96 68 67 58 67 80 76 47 31 31 80 82 61 87 14 81 67 65 80 55 24 8 40 22 94 32 62 45 70 44 13 44 32 93 35 69 68 15 91 15 45 47 23 71 63 98 71 25 88 42 55 69 65 27 12 98 84 24 66 49 67 42 72 77 43 12 91 67 71 
78 51 81 50 20 41 74 49 87 28 19 10 12 13 77 3 12 71 77 29 89 39 45 33 26 93 84 58 21 10 37 78 95 7 14 63 68 83 87 70 98 88 56 62 58 23 86 83 60 28 87 11 3 66 45 85 74 27 22 3 45 38 7 31 28 14 76 25 89 100 43 42 86 61 87 14 45 52 45 19 68 60 36 0 13 82 12 68 60 57 89 50 97 67 26 84 40 1 30 10 
71 91 60 24 4 31 80 17 91 28 78 0 2 71 47 10 60 0 42 43 20 76 57 2 33 98 68 76 35 11 80 97 64 18 94 100 10 57 80 75 91 62 35 98 80 3 21 53 30 10 9 56 74 84 76 43 90 8 50 71 30 16 71 85 10 86 16 35 52 26 71 57 87 16 86 56 49 28 64 25 3 64 1 76 16 87 58 77 59 58 94 50 5 42 70 38 51 16 98 38 
83 1 18 72 36 47 95 76 74 11 98 11 95 69 67 82 83 100 25 22 77 40 6 11 93 63 22 36 87 51 25 66 48 13 48 27 41 77 34 98 29 87 17 20 93 98 49 17 26 67 56 60 30 88 47 14 52 28 14 88 15 47 89 75 85 78 69 69 11 2 57 100 11 11 6 3 30 82 54 77 10 53 75 96 38 11 65 72 85 21 81 4 10 70 50 64 30 95 12 59 
70 93 76 75 65 16 13 89 93 82 35 29 22 73 77 36 30 5 58 46 21 43 61 90 46 49 18 56 10 50 91 14 62 40 65 24 82 16 30 27 91 12 26 10 63 34 94 31 77 76 8 94 50 53 43 78 13 40 76 60 59 41 30 73 19 65 59 97 18 32 31 9 89 15 97 56 22 85 72 13 49 64 22 40 1 49 55 16 47 1 52 38 55 77 17 15 12 32 55 21 
35 28 66 90 77 83 18 97 17 36 62 90 43 63 31 37 1 64 38 11 83 18 42 53 60 59 91 70 50 80 42 24 12 80 29 83 4 44 2 33 4 78 68 24 34 88 47 55 72 76 36 78 82 31 12 43 9 13 36 91 69 48 94 30 69 17 45 26 38 22 77 67 13 43 46 16 81 38 56 96 32 11 28 29 89 73 100 35 51 98 83 10 65 10 30 63 61 45 14 56 
73 27 0 42 87 55 42 79 22 23 30 52 0 21 41 66 48 13 89 57 50 27 100 4 73 8 70 86 53 72 30 53 2 56 92 75 30 68 24 45 79 95 55 65 83 95 78 21 13 60 25 95 62 85 5 100 53 44 92 16 48 36 17 68 61 90 82 9 19 28 38 70 56 1 28 73 71 43 51 57 41 78 78 15 64 23 40 41 5 43 43 86 3 57 31 89 52 86 87 94 
19 75 82 100 31 70 51 27 81 49 97 8 82 47 91 67 51 48 43 60 100 47 27 28 47 80 75 1 0 5 68 54 66 39 92 86 42 99 84 53 39 46 82 56 62 39 47 3 52 11 6 16 30 20 79 92 91 50 58 52 54 93 86 5 62 89 95 90 62 81 34 59 35 36 13 31 70 12 96 25 28 22 71 99 70 23 27 15 78 21 18 71 34 14 69 22 34 5 23 16 
52 9 39 28 3 86 13 91 69 83 27 56 2 5 10 83 5 59 63 35 80 43 75 13 40 80 78 8 80 62 5 29 26 78 23 77 72 51 81 5 69 89 32 82 2 54 80 6 63 9 37 80 11 6 70 63 6 66 80 64 51 96 13 43 13 21 40 50 47 1 40 90 55 33 31 85 80 48 77 43 57 76 21 54 3 86 54 74 53 29 13 98 19 48 80 8 77 32 16 53 
90 33 1 83 36 36 30 21 15 48 32 1 89 14 5 52 75 28 97 21 11 44 66 77 28 30 18 99 22 88 92 6 57 55 10 53 17 37 42 80 85 45 18 21 64 85 92 25 94 17 71 72 15 69 88 39 96 26 61 94 9 45 23 36 20 10 68 80 59 63 37 22 37 70 99 51 73 6 46 1 8 66 75 55 52 44 39 87 91 86 35 49 52 72 53 41 77 100 37 45 
71 32 58 34 26 44 28 23 72 89 77 2 72 19 5 65 30 67 55 76 80 99 34 0 57 69 87 45 97 44 93 93 18 70 67 56 99 67 66 67 83 50 15 81 98 99 64 63 67 3 89 71 95 61 15 30 40 64 98 7 32 9 61 24 14 7 53 41 71 98 17 63 56 18 99 18 90 96 45 39 81 4 88 76 8 79 66 61 10 62 50 48 10 7 11 77 44 70 94 58 
74 88 32 76 64 31 49 26 73 20 15 47 28 97 55 63 42 20 53 77 62 41 51 1 23 70 39 62 40 74 92 19 13 85 18 46 30 10 34 26 38 13 4 41 95 53 60 38 88 24 82 87 35 48 35 36 80 29 2 52 65 93 92 34 12 76 16 90 66 67 87 15 77 86 71 66 89 63 10 25 29 55 59 10 90 42 92 3 17 74 72 10 54 51 31 78 60 25 7 2 
7 13 88 20 20 37 92 1 57 18 77 31 40 91 11 89 86 26 95 33 62 59 19 20 83 48 70 23 36 6 19 34 59 34 76 19 32 5 43 58 42 48 83 16 64 2 73 0 86 92 31 1 57 50 61 97 60 81 30 59 66 8 46 57 87 84 50 3 2 41 72 63 92 4 46 100 16 90 22 85 55 50 42 3 0 67 1 76 61 16 78 88 93 51 23 64 47 31 67 52 
84 67 60 53 20 3 13 46 30 65 39 8 40 16 57 92 74 41 46 16 8 59 80 48 14 59 93 6 59 57 76 52 97 5 11 11 55 61 86 49 76 55 85 39 46 89 98 60 64 89 39 31 54 66 62 91 7 97 13 33 11 68 22 1 99 58 83 14 50 73 42 84 2 14 68 49 21 16 96 32 17 20 91 21 49 99 69 68 22 68 21 76 63 82 35 64 29 30 56 99 
36 71 20 25 74 6 65 53 27 12 64 16 7 7 72 15 15 3 95 78 28 43 50 70 22 75 13 36 61 47 0 68 66 14 70 100 95 94 17 62 53 48 66 49 41 43 66 75 94 52 18 15 51 58 33 1 13 19 75 33 27 45 44 49 97 16 67 34 40 72 89 92 97 22 7 69 31 87 52 81 85 8 100 90 71 32 3 100 57 40 50 38 84 71 51 46 43 71 44 18 
38 71 6 90 15 19 88 6 94 45 12 54 71 37 2 90 36 26 14 20 71 58 39 96 66 20 36 2 55 90 97 67 67 53 55 84 26 17 21 30 84 98 42 93 86 6 51 86 61 45 23 95 43 51 97 39 36 22 40 87 28 40 39 79 88 93 66 51 51 25 53 21 8 29 56 36 9 37 45 24 33 9 99 62 97 50 57 77 31 22 17 81 13 79 55 53 63 45 67 92 
58 44 85 61 74 74 60 100 2 60 36 22 89 22 17 49 0 53 90 97 5 13 74 33 42 90 100 100 95 96 16 44 39 78 55 18 83 53 39 51 57 47 50 71 18 8 42 19 12 24 88 41 2 41 23 88 17 13 41 27 47 57 14 32 75 19 23 55 65 36 66 96 74 83 25 59 80 94 100 25 36 32 57 60 97 36 10 3 42 66 61 9 1 30 12 33 1 43 73 1 
74 61 33 83 1 74 77 44 26 61 15 95 77 9 2 19 79 34 1 100 37 67 22 82 76 74 25 65 99 83 65 29 59 90 45 70 79 85 64 78 20 41 62 67 81 92 20 79 65 31 8 89 27 46 62 98 27 71 72 66 46 66 16 41 36 40 67 46 10 23 36 49 90 23 42 92 78 36 22 26 8 68 42 78 34 93 29 5 67 12 38 12 37 5 13 81 59 37 87 0 
81 50 17 17 30 8 30 33 76 36 94 100 99 41 66 92 21 19 36 33 22 55 73 98 5 51 3 96 18 81 94 89 4 1 34 25 34 52 57 65 74 12 71 7 15 91 30 43 27 13 21 40 56 15 8 79 67 43 88 31 41 3 74 85 31 11 96 12 8 63 96 27 79 91 38 24 0 7 60 55 26 54 93 97 19 26 79 65 21 44 31 18 6 63 7 41 98 12 15 51 
49 86 45 31 11 94 99 64 100 28 90 88 21 39 23 12 24 28 21 81 55 32 71 37 12 72 6 70 93 58 100 13 10 41 92 14 46 21 12 97 97 27 18 85 12 58 78 85 96 2 67 26 57 40 27 8 41 80 75 81 22 89 61 70 91 19 47 0 11 22 4 40 22 48 26 4 8 71 86 77 18 23 31 54 16 20 15 32 100 25 23 97 7 85 65 80 20 32 76 22 
23 33 77 92 55 87 52 34 20 83 100 96 56 77 100 17 37 24 81 64 59 20 95 96 67 54 91 8 82 86 54 84 56 84 48 78 72 67 20 62 59 65 4 55 83 74 14 65 86 4 30 59 60 57 26 22 34 28 84 32 98 28 73 44 75 52 40 34 72 57 62 44 84 79 99 74 39 89 80 84 31 85 91 75 1 33 10 38 79 67 95 15 14 76 100 43 74 80 75 41 
59 22 9 86 30 93 33 5 41 85 18 96 71 18 58 18 63 67 65 44 0 5 21 26 82 74 2 26 95 39 85 99 12 45 98 15 54 34 7 65 42 52 56 69 93 86 53 17 64 14 45 58 55 62 16 88 45 94 7 12 93 99 44 92 23 17 45 44 30 10 86 61 14 5 52 36 27 63 11 48 75 46 50 46 7 25 7 1 5 68 80 37 65 43 29 0 96 51 79 78 
73 87 15 22 66 85 14 71 29 64 65 65 99 70 29 52 59 3 66 68 88 62 32 88 9 33 98 86 29 51 37 28 35 1 35 87 59 70 35 47 19 94 54 72 58 99 97 33 19 40 30 38 88 43 76 13 51 12 22 32 6 18 22 95 96 95 97 98 76 88 86 26 84 95 67 17 0 54 51 97 43 84 42 12 32 41 0 7 91 61 96 71 78 69 48 67 34 53 59 77 
15 2 67 36 4 81 10 22 19 94 22 68 85 8 89 6 30 2 26 96 66 72 54 41 38 79 35 96 31 15 54 37 27 52 5 84 29 0 79 78 50 80 76 76 34 34 77 14 74 29 0 92 94 91 66 75 33 40 17 3 12 86 45 28 5 20 26 76 27 64 7 30 83 24 46 98 38 99 17 64 3 31 11 92 18 56 21 52 86 60 84 66 38 17 77 95 86 93 40 53 
