125 145 175 148 100 125 130 154 179 143 165 120 177 153 150 182 155 189 130 145 138 131 187 135 167 145 167 109 106 174 117 196 199 117 116 131 133 190 121 165 144 132 117 159 100 150 138 162 190 147 115 157 182 132 113 156 114 181 173 193 193 161 179 153 145 114 116 171 102 168 182 128 113 190 147 198 108 125 134 167 178 183 179 132 129 122 114 132 164 139 198 116 194 185 169 185 191 118 169 151 
176 183 141 151 155 172 156 177 129 127 155 110 175 100 111 132 186 137 188 139 155 179 146 109 187 145 106 142 142 166 165 122 176 111 163 132 195 186 102 200 197 160 169 172 118 174 167 100 183 193 118 170 167 195 131 186 142 186 137 172 143 108 190 175 167 137 123 180 144 134 199 190 197 146 121 155 103 184 182 173 104 176 116 195 101 117 176 111 154 182 112 191 154 101 133 135 188 150 139 185 
100 188 114 162 196 178 177 168 104 131 154 186 149 177 140 107 126 125 119 175 163 170 115 146 107 118 117 159 163 125 121 200 190 142 119 154 166 136 151 160 149 160 105 127 112 128 131 180 141 117 177 151 171 145 118 157 150 142 174 108 150 179 197 193 192 189 155 176 148 123 193 198 156 168 199 158 198 124 198 125 110 152 103 121 141 154 173 156 103 139 151 156 138 127 111 123 155 141 100 145 
110 106 189 189 162 142 146 200 152 153 160 180 148 183 200 113 196 167 114 163 196 148 133 117 143 108 198 102 129 107 107 163 103 132 189 194 104 184 120 183 151 159 154 168 134 144 134 166 171 124 192 115 197 147 185 146 162 167 193 185 153 167 195 151 156 181 106 187 115 184 109 117 194 159 190 122 102 114 192 189 174 157 119 109 187 107 104 128 135 108 139 136 190 139 103 132 177 105 177 120 
122 191 130 176 107 111 150 173 131 183 196 109 100 137 169 165 125 134 143 109 151 185 168 196 130 132 121 118 186 131 117 200 114 126 124 133 137 181 177 159 120 103 163 168 142 165 188 150 106 164 181 111 121 108 157 125 110 122 157 190 195 179 127 160 144 156 134 131 177 127 198 111 185 139 141 151 146 191 154 142 163 191 129 107 168 132 175 174 196 118 106 166 144 140 180 182 191 198 190 168 
119 148 196 154 154 105 103 111 120 159 106 185 165 171 116 157 139 164 141 176 178 122 157 133 198 102 152 193 100 180 141 147 138 130 156 133 149 190 152 184 123 108 167 150 103 195 116 171 112 144 189 195 200 161 110 190 163 198 131 129 164 154 152 157 184 165 105 151 187 181 157 106 155 194 181 191 196 119 151 187 138 127 188 175 187 184 172 147 193 130 153 120 146 175 132 107 113 123 190 123 
143 132 141 146 134 134 110 142 105 139 162 123 200 127 200 145 135 146 138 103 179 138 105 147 183 122 192 174 148 160 126 159 150 137 142 155 164 174 178 134 164 188 131 157 139 142 152 131 132 175 128 164 100 152 173 107 174 199 183 176 169 107 159 140 170 169 110 132 172 112 162 135 116 108 166 122 155 142 163 175 194 193 113 121 151 105 191 127 126 197 179 164 154 156 123 148 178 112 147 179 
170 129 146 191 196 196 188 128 166 143 174 196 163 111 147 123 183 196 126 192 165 183 195 130 183 174 183 144 137 128 149 168 200 144 165 119 181 181 195 115 198 199 186 179 149 174 128 144 136 132 112 148 196 157 156 113 171 137 127 179 120 155 152 200 119 155 140 109 107 125 181 158 111 172 176 146 120 158 169 156 171 108 147 134 184 121 108 174 155 103 184 124 181 181 173 154 127 122 158 154 
192 119 116 125 200 127 154 119 108 113 178 187 150 151 139 166 140 165 138 130 178 166 186 102 196 137 187 189 157 112 140 148 103 124 173 127 155 158 199 171 200 197 187 184 107 138 141 139 132 106 156 158 119 162 183 181 115 112 198 190 106 193 100 176 105 182 161 192 109 141 175 159 139 111 136 117 183 175 109 138 123 127 108 163 134 174 156 189 116 183 143 164 136 194 197 160 161 166 156 164 
110 187 105 129 117 140 108 122 145 135 100 174 176 121 126 198 197 193 157 160 194 162 158 106 192 149 140 144 128 106 118 178 101 177 148 135 184 200 173 175 116 123 159 172 184 180 103 139 181 149 113 185 172 109 113 197 138 192 105 130 194 155 102 125 115 118 107 167 143 164 187 182 143 141 145 129 120 192 160 126 186 111 162 198 103 124 148 125 116 130 152 102 101 118 160 170 141 122 191 107 
104 174 101 121 140 104 200 134 129 118 180 108 133 135 103 173 103 181 143 145 141 153 115 143 150 166 143 117 113 165 136 122 147 177 176 200 194 195 127 189 195 163 171 125 180 172 138 135 156 153 109 148 109 148 155 169 139 139 110 166 146 128 152 154 152 177 200 190 125 150 149 198 190 186 197 138 146 178 135 129 169 171 198 144 104 172 144 125 120 137 192 131 126 161 106 130 145 185 156 120 
122 174 161 107 134 195 185 191 126 126 103 193 148 142 123 145 197 191 155 125 122 136 107 126 166 176 190 198 197 103 158 116 155 184 118 152 138 165 154 130 139 180 112 106 186 159 118 161 124 147 124 171 116 198 143 191 189 146 169 132 113 155 133 147 123 130 108 180 163 153 180 157 127 133 191 106 122 149 131 163 112 134 167 166 175 155 109 137 182 117 200 124 138 116 149 168 159 165 177 156 
121 139 172 114 178 153 150 124 151 121 186 145 155 177 139 151 113 184 108 167 191 152 128 172 182 147 187 106 160 120 167 144 110 185 170 162 145 192 165 144 124 138 177 190 114 195 192 169 146 152 142 143 180 101 168 162 180 186 192 187 127 131 146 192 133 197 131 158 135 147 150 147 114 112 122 139 149 131 142 143 181 141 127 113 188 170 140 159 124 141 122 139 126 161 167 200 190 113 163 152 
183 105 167 163 160 184 174 196 137 165 106 158 162 193 122 163 133 165 183 179 103 131 172 189 129 155 193 197 188 160 141 152 155 105 192 177 122 131 119 132 127 183 182 160 153 136 193 112 192 189 197 164 165 143 172 181 112 115 109 193 101 161 117 103 196 103 176 175 142 126 193 142 140 113 144 153 157 104 154 102 135 194 186 118 141 170 186 186 111 178 115 131 109 149 106 188 186 119 173 147 
112 131 111 141 200 198 187 177 105 112 200 174 160 132 116 122 196 163 131 139 200 172 117 126 101 166 179 114 131 114 169 162 168 127 124 124 134 152 170 116 109 125 151 136 161 119 131 172 113 163 150 148 126 112 135 113 187 174 100 140 120 108 121 101 131 124 131 132 165 123 115 181 137 103 131 135 178 156 165 191 145 105 155 145 108 173 155 108 169 182 142 123 152 195 125 105 108 103 154 152 
138 191 126 127 152 188 138 117 154 121 152 146 178 183 113 177 187 103 131 184 188 179 146 119 135 143 200 161 168 196 164 174 138 102 114 194 116 101 149 117 167 105 184 189 131 156 119 194 185 146 107 143 177 101 113 145 101 170 113 155 113 160 144 177 133 124 107 162 190 109 110 198 144 170 105 103 142 193 170 156 146 102 196 196 192 119 147 181 157 182 159 174 175 142 110 121 137 183 105 178 
135 174 189 141 115 150 160 190 190 114 104 198 163 143 118 173 106 165 184 114 182 133 126 192 184 145 184 180 133 188 136 168 153 117 169 122 140 140 169 101 149 140 118 190 124 188 187 175 183 140 173 186 137 134 129 151 199 145 106 168 149 112 135 117 124 171 100 126 140 153 192 163 116 127 152 136 143 146 145 151 147 174 117 118 131 120 176 110 171 163 145 142 138 152 177 104 115 153 118 129 
169 180 182 197 123 120 187 192 200 159 178 187 147 142 128 152 199 150 150 146 152 161 189 178 163 151 116 144 110 188 101 131 153 114 129 199 162 172 162 132 166 177 187 103 116 111 146 147 131 124 108 194 150 108 121 136 152 174 139 109 191 129 163 172 188 190 158 175 170 150 101 164 137 175 189 144 100 113 142 114 109 189 117 173 166 181 137 187 143 194 155 132 200 143 163 182 161 182 118 108 
194 115 148 198 110 144 174 138 137 183 134 164 192 154 150 176 159 113 106 172 188 109 171 125 172 124 146 104 148 174 184 198 134 115 131 181 166 145 176 192 105 105 108 183 132 140 175 107 185 197 192 135 117 115 187 105 161 154 187 173 143 146 104 180 101 126 115 132 112 148 160 182 172 175 112 147 146 181 197 100 188 154 179 164 174 162 182 126 147 172 173 157 191 133 103 144 137 190 180 125 
163 174 102 131 171 144 100 162 172 115 138 117 186 118 173 154 174 196 154 164 165 110 151 164 121 121 178 167 117 189 194 108 108 151 131 138 114 132 106 150 161 170 187 171 121 152 198 167 139 198 158 120 144 109 100 121 112 107 129 169 128 164 116 183 179 120 187 172 110 114 189 160 199 124 124 189 198 128 163 165 137 136 121 109 118 108 178 195 175 111 124 152 110 114 166 135 149 123 142 191 
122 139 186 165 162 174 179 113 178 192 121 124 194 167 128 185 138 156 179 110 194 103 161 151 167 121 117 187 160 117 115 172 181 150 159 193 115 153 155 141 121 147 173 199 162 111 152 123 118 135 152 138 103 150 157 119 140 160 153 105 183 132 156 102 165 159 120 190 101 139 133 114 163 108 166 194 144 170 124 116 103 118 144 135 148 111 109 174 192 157 177 167 188 113 117 150 163 185 183 170 
132 157 157 153 163 198 192 101 164 189 106 135 183 145 131 161 133 135 123 131 172 148 112 113 158 141 101 196 110 122 196 143 177 110 115 138 166 156 184 104 161 123 118 128 179 134 190 168 185 128 169 132 132 168 103 138 185 141 119 181 151 157 131 164 168 185 137 166 174 130 101 169 191 149 153 178 145 141 180 124 178 189 196 184 122 194 126 111 128 189 168 174 161 107 115 136 107 188 102 163 
158 151 177 162 165 138 191 124 103 106 191 164 182 151 168 155 184 191 135 114 183 176 142 142 104 121 176 180 112 180 177 195 161 150 178 200 191 131 129 104 196 136 191 150 120 188 101 133 108 165 107 100 127 127 130 162 129 193 109 116 140 147 184 151 146 195 179 167 155 102 131 166 174 157 197 195 100 163 185 158 115 146 145 109 194 156 152 182 199 150 149 138 154 166 194 109 151 121 133 102 
161 168 189 116 120 162 186 116 191 180 192 127 112 141 133 169 177 162 189 132 183 153 184 107 134 186 126 178 162 160 156 120 188 127 197 134 142 176 124 149 155 147 135 147 131 162 189 151 193 108 106 105 181 166 167 127 150 200 151 184 148 182 104 134 118 100 128 117 160 108 195 159 102 173 177 126 126 109 173 123 155 168 135 160 162 155 137 174 191 108 146 160 163 170 196 184 126 124 161 114 
191 160 121 128 117 196 174 153 114 190 192 149 156 122 167 150 145 156 100 141 125 132 170 186 136 134 156 138 113 196 191 132 129 195 144 158 191 117 195 156 133 163 112 103 167 103 192 189 160 169 170 167 152 100 150 104 166 191 170 188 160 107 112 169 111 116 165 118 137 152 196 178 135 183 177 167 163 105 155 158 144 156 178 151 166 141 152 148 136 191 154 120 169 149 174 159 189 171 139 138 
101 123 140 192 140 158 190 190 189 145 106 135 125 145 179 131 102 143 128 179 141 145 138 132 169 112 131 165 177 174 193 100 105 128 107 146 183 138 166 103 171 147 131 121 175 191 199 186 136 130 196 105 129 154 196 133 146 115 157 164 133 177 164 136 164 186 144 146 119 120 197 167 170 149 199 124 195 128 122 192 189 133 200 142 195 117 108 192 144 165 176 117 131 174 174 171 107 182 184 196 
132 140 152 147 103 104 152 141 175 130 173 115 181 190 141 107 194 189 167 113 109 152 172 156 118 200 165 123 157 136 145 193 116 189 136 174 108 135 123 152 119 132 151 169 128 123 106 182 110 165 133 166 190 129 162 142 178 156 191 156 121 119 170 124 143 187 110 170 151 126 188 106 167 149 125 187 118 125 124 181 109 121 196 135 149 155 122 112 126 171 123 125 121 171 142 141 144 197 116 113 
163 127 100 104 197 132 146 178 141 107 182 180 108 131 110 106 169 196 123 124 191 170 102 194 169 115 136 171 181 179 187 199 106 126 171 109 180 114 178 163 121 154 151 137 194 165 133 129 176 138 149 104 175 140 145 132 147 120 134 164 181 113 193 161 111 175 150 127 148 138 104 134 145 191 114 159 116 160 175 122 124 120 172 130 187 173 169 189 139 122 197 194 151 124 169 179 171 148 166 109 
105 163 198 122 149 197 189 179 195 118 181 134 182 178 102 125 141 171 102 198 105 192 131 163 175 161 113 102 153 103 175 173 151 195 167 120 170 132 198 115 103 153 140 155 139 130 136 131 179 144 189 131 173 168 154 167 107 144 110 185 193 168 138 101 165 168 128 131 141 109 177 199 116 187 149 169 157 169 136 159 133 179 102 154 124 107 153 139 153 134 121 157 111 198 165 124 169 112 110 137 
131 196 178 184 142 149 112 110 135 197 193 115 167 198 198 179 176 119 166 162 126 193 111 121 138 136 121 151 182 102 167 145 123 118 147 161 168 128 104 151 187 195 139 111 113 144 162 135 191 177 200 144 162 194 100 142 101 154 167 135 192 140 147 174 176 111 189 126 168 178 187 135 161 110 153 112 192 162 141 136 171 174 140 167 171 109 158 181 120 166 129 156 170 166 165 113 161 193 198 187 
158 159 126 108 116 194 194 149 111 153 138 188 168 193 198 133 161 151 117 140 113 138 167 128 144 102 114 177 155 196 114 173 119 166 113 154 150 174 101 112 174 100 162 185 176 180 111 111 170 121 157 129 111 156 131 194 110 127 165 169 123 113 182 196 100 125 190 112 167 136 195 118 182 143 115 136 120 170 136 106 107 113 163 147 143 115 186 183 143 113 170 131 114 190 147 147 149 164 126 109 
130 155 100 103 117 153 200 141 188 113 190 127 153 146 131 142 158 200 137 179 104 191 113 119 120 163 142 107 163 163 149 166 134 189 109 108 114 134 176 114 128 196 187 124 164 128 173 156 136 187 198 157 187 116 180 116 106 138 109 164 120 117 187 186 138 108 118 130 131 144 177 164 118 127 187 186 156 123 183 152 121 121 118 130 181 179 172 164 109 160 169 142 101 109 147 195 128 114 166 140 
161 195 132 169 103 163 137 127 115 136 133 100 158 200 188 105 103 145 116 165 126 158 175 143 158 100 131 172 163 171 181 172 158 161 179 136 160 178 128 120 142 184 172 133 174 106 185 132 138 103 155 100 112 133 161 109 189 110 200 117 169 149 130 190 141 126 168 112 143 129 104 101 101 197 101 112 166 121 174 107 126 117 164 105 186 192 200 138 119 105 110 176 123 197 119 159 189 143 165 192 
186 197 140 200 150 122 108 197 106 113 123 133 195 103 164 132 161 108 101 122 187 119 109 120 134 144 161 184 146 195 162 116 102 103 196 160 132 133 104 112 138 179 135 137 179 188 169 194 117 156 143 173 180 107 124 108 100 125 130 104 176 189 137 170 108 186 199 149 111 101 113 129 181 197 156 175 134 116 135 179 144 152 181 147 171 141 144 129 149 135 179 185 115 166 148 122 107 181 155 171 
138 158 103 173 131 144 180 100 169 156 168 181 175 153 177 190 178 160 116 164 113 161 143 128 200 151 119 120 108 160 147 145 168 157 164 160 179 162 102 164 198 116 151 191 139 131 181 181 148 185 165 163 129 104 150 104 155 171 154 193 192 196 128 109 157 189 139 186 149 143 127 200 175 114 103 125 191 176 113 147 133 132 116 131 113 168 127 142 179 137 102 174 108 107 107 165 133 156 184 166 
107 106 126 108 186 104 182 113 122 111 138 130 186 156 115 103 123 116 166 169 113 198 105 117 135 103 152 100 155 110 115 103 110 187 117 157 197 174 168 188 166 125 120 136 117 180 151 119 181 147 148 154 196 173 199 139 180 196 194 167 188 155 173 140 142 103 144 128 161 114 156 187 181 151 169 129 169 112 138 199 100 157 120 117 167 147 162 144 103 109 156 133 180 190 176 120 195 170 133 129 
145 119 195 152 169 176 146 130 161 103 118 195 173 119 141 173 100 109 115 146 124 179 133 127 117 149 162 122 137 112 166 100 145 116 182 113 142 118 163 170 174 199 138 148 183 194 103 172 135 198 155 168 160 187 187 185 195 105 144 101 137 179 166 142 135 159 141 186 166 162 180 123 165 172 132 167 136 141 107 194 171 149 145 103 196 183 143 136 175 193 128 138 193 100 155 154 159 175 199 161 
119 148 124 168 135 107 183 195 164 194 188 113 111 156 134 105 130 187 184 136 172 148 199 185 110 175 168 154 161 118 166 101 138 103 130 125 142 113 141 172 174 189 104 113 156 158 116 156 185 183 168 100 187 158 118 137 108 200 103 134 175 194 149 114 148 119 194 127 183 149 101 159 109 178 107 121 152 147 126 165 104 108 188 152 181 122 190 144 100 140 157 114 180 145 121 125 182 168 148 163 
116 122 137 158 173 172 192 136 162 131 186 193 182 104 193 152 152 186 146 111 124 148 145 123 132 144 106 106 180 149 121 157 169 132 186 193 142 188 168 103 134 115 167 196 152 129 196 130 181 105 189 146 126 107 147 165 130 131 121 149 106 192 161 167 178 103 159 101 133 164 150 133 161 157 185 145 104 164 165 126 123 163 191 126 194 142 121 139 169 147 132 145 131 136 170 145 164 179 190 102 
198 145 192 148 119 139 189 181 189 106 185 113 196 172 107 181 154 152 129 191 153 116 158 180 185 163 116 170 172 132 117 102 142 154 157 123 152 100 197 190 118 115 147 173 112 150 169 196 160 146 113 150 186 148 195 115 165 130 190 155 171 128 184 165 110 136 141 184 196 149 170 199 133 163 166 156 101 115 140 174 187 167 158 185 150 180 137 118 180 160 110 157 105 167 139 133 122 133 129 124 
166 119 144 139 166 157 112 117 130 190 121 100 192 181 157 109 124 135 185 107 104 192 200 125 199 145 134 119 114 100 168 171 151 125 182 115 193 172 147 185 142 119 126 126 188 143 126 110 105 148 172 199 145 190 172 122 133 154 158 155 120 116 147 149 149 168 173 119 162 169 108 139 143 165 187 117 120 124 135 144 102 165 114 150 184 132 192 191 102 183 144 134 103 146 176 169 139 117 114 190 
143 133 156 168 107 126 200 104 136 114 189 112 103 183 166 188 187 121 107 178 132 111 120 193 120 147 197 138 177 180 103 129 194 130 128 159 171 109 141 122 149 116 159 186 147 111 169 159 117 118 176 147 117 145 127 189 168 124 123 170 138 111 117 193 170 124 163 101 180 166 165 126 162 116 149 129 191 132 186 174 180 155 196 149 151 166 151 155 101 112 169 112 180 136 173 192 187 196 158 157 
162 157 196 193 123 173 127 180 133 113 179 129 185 183 124 138 194 107 108 175 140 167 150 104 122 179 153 167 161 176 113 132 130 197 152 200 124 184 169 181 197 152 152 119 189 151 173 186 150 176 200 157 164 108 109 137 127 103 171 176 139 166 148 118 129 124 131 195 132 104 160 130 166 160 199 123 169 161 161 166 121 125 135 159 158 141 138 139 123 165 189 181 136 125 130 146 137 137 188 153 
168 160 185 156 123 151 118 171 187 112 106 146 144 139 102 110 117 178 105 191 190 193 131 185 168 159 188 182 161 114 102 115 146 111 158 155 145 194 128 179 111 131 177 199 180 172 125 135 125 140 146 170 158 114 100 176 100 140 103 171 114 133 126 196 102 109 118 173 174 181 166 108 196 181 169 138 179 160 136 179 186 152 190 193 131 101 165 184 105 198 194 142 101 192 186 139 170 139 181 105 
149 170 162 102 134 163 149 101 116 162 166 189 138 158 135 165 139 128 198 116 108 158 172 109 101 161 198 121 124 195 164 118 186 167 148 178 171 146 186 133 151 139 136 191 103 104 108 160 103 183 173 120 153 149 126 183 176 154 165 194 168 114 186 186 127 106 142 164 174 139 127 150 196 148 157 122 138 114 174 111 188 130 104 142 188 151 171 110 105 102 195 128 106 127 108 183 190 121 121 164 
195 195 186 145 113 181 196 147 186 148 129 167 127 153 129 122 144 103 148 200 140 107 106 134 173 110 114 163 177 185 101 155 167 185 105 138 137 109 192 156 162 197 125 122 180 176 155 193 195 187 175 199 117 195 147 106 150 123 101 116 188 145 181 176 101 146 102 139 141 143 182 155 183 107 106 104 134 151 152 127 131 161 159 199 169 138 130 130 195 162 136 174 133 190 101 138 176 199 196 102 
120 176 159 162 100 133 169 148 108 185 195 161 149 136 193 161 180 173 140 108 124 172 165 200 184 185 139 177 104 162 178 195 155 115 113 115 155 128 150 196 140 114 107 136 101 195 149 111 188 120 101 166 164 147 118 163 180 118 141 152 154 158 101 142 163 155 141 177 166 137 104 159 140 116 119 129 152 156 102 194 194 142 153 171 112 109 173 153 130 195 172 103 118 139 147 187 174 171 173 153 
127 175 147 150 117 117 131 109 176 168 159 113 121 195 134 196 106 172 137 100 122 108 141 125 175 100 116 194 137 172 172 183 146 181 175 140 123 141 156 155 196 139 136 169 146 179 183 132 152 104 110 130 100 163 115 169 149 104 151 114 124 125 160 131 199 147 154 111 122 135 152 138 189 132 113 136 187 138 195 112 173 199 143 100 199 117 103 131 128 114 134 182 200 111 184 162 168 175 197 157 
177 144 195 162 149 169 195 148 107 109 199 183 199 133 160 176 115 138 136 115 184 167 101 108 120 161 102 169 111 139 193 114 194 182 154 136 141 118 139 145 179 114 168 118 144 173 128 132 182 186 149 107 126 146 178 186 138 185 172 101 169 109 158 191 178 163 114 119 192 139 106 152 152 149 184 154 135 146 191 168 106 143 169 120 141 104 112 196 161 121 187 117 171 156 198 108 159 119 143 105 
120 124 136 109 197 116 123 148 162 172 157 150 180 146 148 165 136 128 126 172 126 135 138 114 134 135 184 160 133 108 110 196 141 176 134 200 131 120 163 189 127 164 113 142 134 199 200 117 156 126 131 149 115 152 126 199 115 176 119 127 178 123 153 179 177 103 160 137 170 104 150 135 167 175 133 116 154 118 183 196 146 131 197 114 133 129 141 118 190 146 127 142 124 161 194 157 190 148 141 104 
108 146 102 104 134 103 144 178 181 121 109 137 123 179 136 101 178 178 179 132 151 173 167 154 165 142 174 148 193 144 149 121 176 197 177 189 106 191 112 110 181 141 145 154 200 159 158 170 144 126 128 129 195 134 124 197 102 137 138 166 144 165 185 186 118 154 161 150 193 137 138 149 109 179 125 172 101 195 165 199 100 114 162 143 113 148 141 200 178 162 171 125 165 171 174 127 198 139 149 133 
158 175 122 152 109 142 115 141 126 138 141 192 193 178 111 196 159 145 121 200 117 127 148 145 178 141 118 112 149 164 149 104 153 137 193 136 161 174 120 125 168 177 145 135 140 121 112 136 171 190 195 147 189 165 157 199 195 151 149 181 200 186 160 179 102 153 122 158 191 130 133 195 140 129 134 113 100 104 166 102 103 149 157 151 133 104 130 113 126 195 196 100 115 185 142 187 186 118 176 131 
188 200 131 123 155 192 133 178 120 171 174 182 119 195 118 145 124 150 139 118 127 115 188 164 174 124 138 123 188 195 194 131 157 103 133 120 181 194 156 149 169 167 114 139 193 127 113 119 153 132 113 113 187 143 110 150 140 127 174 165 139 178 167 195 154 185 137 141 182 115 172 192 168 156 131 182 185 148 117 178 106 133 101 196 184 119 136 165 181 199 105 154 123 105 189 103 166 178 142 162 
196 109 158 167 172 157 196 185 173 150 125 194 175 176 190 171 148 174 124 155 177 104 141 109 174 173 132 192 102 159 171 125 165 142 196 143 142 196 129 144 115 116 124 193 169 107 136 116 162 120 188 123 144 159 186 108 111 176 176 153 152 122 185 199 178 146 161 129 123 160 200 123 173 191 169 151 159 105 197 126 108 137 151 172 100 196 175 137 162 112 124 147 123 140 184 140 146 128 140 138 
137 113 126 109 109 189 104 150 170 128 122 102 142 130 183 194 152 146 119 147 117 156 108 189 170 125 172 156 129 156 110 135 199 153 101 187 151 148 199 150 104 186 145 109 127 126 195 113 138 144 154 152 168 135 197 144 181 182 100 105 182 191 189 169 162 200 181 155 130 163 155 132 167 145 163 101 183 106 107 106 171 179 107 123 178 151 138 162 160 148 136 171 138 128 150 137 168 157 160 131 
131 133 134 153 188 164 107 193 142 161 143 132 156 179 170 161 154 129 121 129 138 126 107 174 172 160 200 134 105 137 131 177 104 199 198 181 194 167 133 119 132 103 157 185 180 152 128 199 199 199 167 112 183 167 192 143 142 157 181 106 116 187 180 140 150 153 125 126 157 196 200 113 164 183 109 112 172 100 119 120 121 195 192 152 196 139 111 144 152 114 115 106 108 118 200 195 142 197 184 138 
145 187 114 200 158 193 158 122 183 113 109 172 122 138 190 172 195 163 132 127 114 198 117 151 109 109 104 125 153 172 184 101 194 177 125 102 162 147 187 175 157 106 110 200 177 111 175 195 109 132 171 165 145 166 132 172 153 137 150 160 137 144 168 100 126 199 173 184 176 127 149 119 105 129 159 101 148 193 141 101 131 195 139 103 180 107 144 179 183 196 105 172 138 132 148 125 154 131 130 167 
173 196 164 172 180 114 160 129 152 112 158 118 163 140 115 114 161 161 107 198 184 106 174 187 143 157 139 155 144 134 103 177 111 104 109 139 184 114 106 132 200 174 153 157 139 103 141 103 105 111 148 132 177 162 180 169 123 120 119 170 198 110 178 146 198 108 182 157 176 169 140 100 127 155 128 180 135 162 112 116 102 156 149 113 178 158 175 110 138 117 153 166 153 186 108 196 128 190 129 117 
162 106 137 154 136 150 151 198 186 143 130 103 198 180 171 109 183 107 145 100 140 122 145 196 162 173 131 112 174 117 190 155 147 144 121 108 167 130 143 102 123 164 142 127 112 132 167 125 163 137 142 154 177 123 198 192 119 156 125 121 148 179 115 134 104 174 167 134 101 102 129 105 109 146 183 144 112 131 157 128 138 187 149 175 138 155 132 167 131 122 159 132 168 191 130 158 137 149 100 200 
145 197 168 193 177 171 101 143 165 127 167 107 136 178 141 150 111 122 190 135 159 193 189 135 109 173 172 117 145 169 179 177 107 174 116 102 126 161 188 143 143 148 192 100 160 186 180 194 174 176 111 123 194 101 171 135 163 180 125 129 181 174 141 184 166 161 120 121 128 198 200 107 130 169 154 183 168 134 169 147 123 146 158 113 123 101 121 174 143 131 175 148 164 166 198 165 168 100 111 177 
127 171 106 141 183 120 139 141 103 121 130 135 149 134 176 157 172 140 186 190 116 148 135 154 196 115 163 150 107 132 139 190 183 192 189 102 193 198 166 137 173 192 141 158 186 118 121 175 111 176 142 150 116 112 143 127 118 113 161 193 100 195 160 103 132 109 197 137 170 139 184 139 117 157 179 170 104 134 173 191 189 186 136 118 123 167 106 135 107 160 133 171 174 117 142 197 147 191 101 125 
103 139 119 172 175 147 188 181 154 155 102 106 132 169 119 199 200 177 196 190 194 127 126 123 129 130 106 119 115 198 175 190 136 114 200 178 188 169 145 160 154 100 169 129 120 172 176 135 148 118 160 191 170 171 197 168 185 200 158 158 185 181 108 154 128 105 112 138 152 138 103 154 129 165 153 105 155 145 131 190 147 165 141 114 188 157 133 125 146 194 125 143 123 136 193 146 176 167 193 181 
176 193 152 115 112 100 180 163 146 180 163 154 120 104 152 144 113 200 102 132 145 128 123 150 125 136 108 117 187 111 193 172 122 100 169 101 171 163 130 154 197 125 121 161 166 109 140 194 124 175 146 118 134 183 112 144 194 198 112 112 124 162 107 151 104 105 120 137 168 106 150 134 142 154 103 106 174 102 164 175 190 121 108 180 185 162 141 154 152 108 141 162 133 125 173 117 137 185 191 174 
172 169 135 109 138 140 102 196 160 193 150 165 199 174 159 182 163 118 164 142 157 134 124 135 148 144 145 191 199 184 160 113 112 118 167 183 106 136 146 150 152 159 122 104 185 145 142 105 159 178 173 131 175 162 180 123 119 115 128 101 187 115 178 142 119 194 130 115 132 121 131 100 189 198 121 100 180 150 145 144 198 108 121 153 130 144 153 150 144 125 171 136 167 106 166 109 198 107 164 200 
176 175 138 129 149 101 134 165 172 184 107 115 113 118 199 185 142 163 121 108 163 129 153 177 186 173 163 128 187 121 173 181 182 144 106 170 153 101 141 176 187 184 188 183 175 165 148 166 147 178 169 170 178 177 111 118 169 121 112 177 189 111 172 141 120 108 140 112 191 188 112 137 117 152 105 148 195 123 164 155 169 100 143 197 100 188 125 198 123 136 163 109 168 106 127 164 109 132 171 178 
167 177 153 145 141 180 177 156 199 110 138 110 182 137 106 108 181 153 171 163 145 180 149 173 155 105 143 157 151 187 186 184 150 128 162 140 170 165 186 169 159 164 111 146 137 162 123 186 126 177 188 138 128 115 143 101 186 111 121 136 193 140 186 165 109 145 125 129 100 138 177 109 121 135 115 157 109 147 132 126 136 120 106 189 131 145 120 118 151 165 144 128 157 144 171 138 190 134 154 116 
150 129 147 128 147 135 113 160 110 185 178 160 181 116 145 188 196 173 109 196 115 101 102 159 124 135 167 187 173 170 199 150 187 114 168 198 199 138 160 194 103 141 171 193 175 167 108 165 152 164 117 131 101 159 180 142 188 109 158 170 128 170 193 140 186 164 136 130 188 133 114 164 129 106 181 200 123 196 108 128 121 166 175 143 179 189 104 149 100 168 187 172 136 174 180 127 200 171 149 141 
149 135 145 170 129 188 173 147 104 107 158 170 118 197 116 142 130 156 145 194 170 154 104 192 166 151 196 183 195 104 159 167 197 191 119 142 123 104 103 168 139 192 114 123 145 188 151 152 173 159 123 101 144 132 131 113 163 173 107 112 104 147 153 185 189 159 153 188 173 199 191 100 106 167 141 118 196 184 170 123 159 127 171 116 121 112 128 133 140 170 135 155 139 127 170 129 136 186 178 118 
188 184 187 172 188 199 142 161 162 165 144 164 125 165 139 130 114 152 116 169 181 147 173 123 142 130 140 166 162 111 197 115 115 103 105 105 176 183 152 101 190 197 138 130 182 190 156 184 119 184 164 198 137 144 137 165 200 196 165 183 185 133 195 145 147 128 124 116 138 164 112 129 200 135 137 171 146 189 164 166 200 127 110 126 115 109 149 103 173 173 139 102 117 159 118 117 167 134 143 104 
113 177 148 200 124 198 183 139 184 180 139 122 111 101 160 135 107 160 103 188 112 135 187 167 138 171 112 109 131 108 132 146 145 174 189 132 143 185 148 121 174 116 126 101 102 167 131 199 149 120 170 167 155 133 172 124 186 117 199 167 195 135 125 187 193 147 165 109 191 195 164 144 175 147 127 133 159 144 153 200 188 146 103 162 102 195 169 161 121 132 198 130 139 104 114 172 114 106 168 178 
111 191 104 139 171 156 195 178 185 138 199 118 164 158 130 121 148 144 103 124 119 105 126 138 102 188 115 110 185 178 171 143 137 193 179 136 174 171 181 163 143 130 140 198 144 106 177 164 190 100 186 138 153 197 112 118 160 124 174 130 165 119 136 119 154 103 101 175 189 126 151 163 196 117 157 181 158 195 125 192 160 178 200 154 115 179 152 119 190 188 113 137 198 191 116 169 197 136 184 120 
188 117 115 103 197 200 122 139 148 132 122 184 111 154 128 119 163 191 147 188 144 200 161 184 104 119 111 173 116 156 124 154 163 131 128 148 197 190 191 177 139 140 189 184 111 170 147 179 169 175 144 157 199 101 119 102 179 200 145 172 102 131 141 165 178 167 110 163 146 116 137 191 167 116 143 172 148 163 182 110 148 118 110 200 146 187 108 190 126 157 108 108 127 110 144 189 179 134 125 194 
171 160 102 150 145 159 167 153 164 170 195 121 101 101 113 185 153 141 116 112 173 160 196 190 148 199 117 196 185 104 199 135 175 195 198 185 112 137 110 117 176 187 131 176 157 164 119 124 105 189 199 103 115 129 119 106 186 164 126 182 159 167 167 152 188 143 134 129 193 113 120 147 169 198 152 154 162 130 147 193 151 181 136 199 137 173 181 171 121 113 134 136 162 122 114 120 105 194 158 187 
121 170 102 124 174 167 146 136 166 182 166 166 194 179 111 144 108 141 152 182 141 147 145 184 188 159 151 153 166 128 173 197 174 139 120 186 128 115 120 183 110 149 163 127 160 128 180 136 137 168 185 198 160 123 154 138 163 141 152 142 134 122 113 105 161 187 104 104 173 111 190 138 187 148 185 161 196 161 127 105 187 190 150 185 174 191 171 137 157 191 170 147 135 104 172 155 151 155 113 183 
196 193 144 144 101 158 141 156 106 176 174 113 157 167 175 194 134 115 151 124 186 106 113 104 160 114 189 102 199 104 157 175 167 167 166 172 187 121 100 115 181 116 158 102 115 148 165 131 121 186 118 167 135 130 162 185 111 104 187 198 178 121 128 186 100 187 182 140 115 172 180 155 162 192 134 171 168 152 147 107 109 157 110 143 149 117 188 115 109 114 194 143 157 133 110 145 110 117 181 157 
168 142 133 177 103 193 148 187 108 185 128 114 135 141 167 131 112 114 151 176 118 106 145 187 115 159 198 129 142 117 103 190 168 119 144 172 135 117 167 115 140 185 135 194 103 180 157 196 162 124 125 129 156 167 189 123 107 151 176 173 123 162 131 103 153 166 141 109 194 113 153 183 148 162 184 143 137 174 163 155 115 153 126 111 149 163 119 160 161 173 152 145 113 197 180 190 163 192 108 172 
188 158 149 192 113 192 152 134 114 176 176 160 161 109 110 189 150 176 137 100 158 183 185 164 121 134 133 200 185 111 120 145 151 159 120 119 115 136 166 160 155 173 103 191 194 187 107 121 101 139 176 177 133 200 103 183 119 199 171 172 190 115 127 101 150 125 109 168 153 155 144 108 153 114 170 166 127 196 189 129 151 186 149 173 137 146 105 190 178 156 111 160 177 175 103 123 193 163 141 104 
101 176 149 140 100 106 194 168 143 147 157 121 120 198 159 163 115 100 140 109 187 197 111 138 117 165 194 138 121 111 184 116 142 179 167 164 176 196 123 180 169 153 196 104 200 145 165 114 104 174 168 109 165 157 195 176 102 134 106 191 149 186 131 189 187 178 180 164 121 124 147 156 199 133 131 177 111 103 146 163 139 172 153 191 159 106 156 152 164 141 184 151 154 119 144 101 118 103 119 168 
100 108 179 106 187 135 181 152 166 140 116 199 123 151 132 140 170 165 167 115 151 105 183 173 121 130 177 161 172 134 161 180 183 152 119 124 166 105 139 138 125 179 147 138 135 170 142 140 184 150 200 164 104 168 115 153 138 128 157 138 111 148 196 146 106 179 168 165 170 181 115 156 128 151 137 126 152 137 146 198 190 110 114 194 193 154 183 178 150 196 173 134 117 161 124 107 126 179 192 121 
114 107 185 194 108 132 144 200 193 137 112 170 154 170 109 182 153 115 124 154 184 186 110 107 143 161 131 162 108 101 127 165 150 179 108 148 109 151 153 163 121 133 181 107 143 179 165 140 148 131 172 163 115 122 182 156 150 132 132 105 155 190 148 103 190 190 164 159 192 128 106 169 197 179 199 145 180 128 137 132 163 127 113 135 102 183 158 195 134 104 134 141 117 186 189 124 199 179 172 110 
143 200 193 131 192 118 118 190 102 117 110 137 126 158 179 113 158 116 180 195 125 112 195 101 179 128 100 135 170 119 196 149 183 182 147 185 115 188 148 145 190 165 140 179 127 196 136 102 131 116 156 184 186 120 124 142 131 155 174 134 123 178 165 180 145 103 121 192 155 122 115 105 100 143 102 180 195 131 182 193 185 113 147 110 175 161 160 101 104 170 112 143 129 124 163 136 158 164 117 112 
197 181 196 171 131 155 152 200 172 121 114 108 124 191 136 175 135 114 156 106 174 114 168 187 108 152 153 200 109 196 145 171 176 185 134 127 170 148 125 129 111 165 134 131 192 175 181 107 144 161 161 121 146 128 137 200 112 133 172 175 128 158 194 144 129 141 107 160 167 121 183 182 126 184 160 110 181 111 160 182 170 193 168 136 193 172 157 164 125 160 136 200 181 147 200 180 198 177 146 133 
194 180 170 149 174 197 131 185 159 158 164 173 134 100 116 109 110 169 160 151 122 173 140 130 171 154 140 108 198 197 128 148 107 152 167 195 195 200 193 121 153 146 148 142 162 185 114 142 162 149 191 127 161 120 175 100 185 131 130 194 118 102 194 156 188 166 148 146 140 166 115 115 179 145 197 123 151 173 137 109 109 135 113 133 178 133 155 113 112 162 149 170 126 126 141 153 189 183 145 184 
105 109 102 191 163 194 149 125 198 149 152 193 134 130 179 181 119 105 189 192 191 110 158 161 199 113 161 193 187 165 137 145 191 120 195 131 174 195 122 101 120 124 161 141 181 121 150 144 166 147 181 118 126 105 129 147 164 178 127 140 194 144 127 164 157 183 170 198 134 198 124 123 196 171 183 174 179 191 169 139 151 182 146 146 138 185 100 162 109 181 200 115 113 104 187 107 107 111 200 167 
119 133 112 176 108 104 148 155 159 122 129 154 168 189 134 144 119 127 101 181 179 159 173 134 178 169 171 145 191 148 102 106 152 183 134 124 124 112 192 183 154 158 150 115 193 135 151 111 100 120 158 176 144 136 187 122 131 180 169 168 175 145 127 145 130 106 180 183 148 194 114 118 180 177 149 178 173 150 137 184 149 145 157 136 178 141 170 136 161 170 159 180 101 108 193 106 140 160 190 102 
170 118 188 196 169 113 127 172 148 140 122 113 154 197 101 153 142 140 190 127 136 172 127 151 100 103 159 163 197 129 144 150 169 195 185 166 185 113 103 105 126 163 194 122 200 197 178 188 135 196 174 157 158 188 121 183 192 187 138 111 129 113 100 186 175 119 107 104 151 183 154 101 136 194 100 155 119 125 171 184 192 121 167 170 192 153 176 101 109 137 134 165 103 156 170 187 130 123 158 163 
180 150 134 121 180 186 167 190 155 148 107 134 155 175 189 180 147 121 110 121 117 145 196 177 157 117 188 106 163 180 116 120 138 171 101 185 139 193 185 138 106 123 127 143 170 158 163 134 119 108 182 142 173 193 117 109 143 153 184 161 152 152 115 168 196 149 145 129 151 160 196 100 174 198 194 136 153 126 124 185 181 101 143 191 159 166 191 133 181 111 177 138 107 144 101 107 166 127 167 114 
100 112 151 126 124 158 164 131 111 181 174 109 129 166 171 115 132 175 115 163 120 129 150 106 121 150 187 135 182 117 192 138 180 190 195 174 109 141 173 114 183 181 113 195 171 115 143 118 124 183 166 179 131 137 118 194 108 167 145 127 165 145 100 128 178 180 110 199 137 180 153 142 163 164 159 133 105 143 171 192 185 137 176 109 118 197 194 182 194 153 184 110 169 122 125 156 143 159 157 108 
117 133 116 176 187 161 193 151 128 106 193 187 108 103 190 153 168 170 127 150 121 144 137 134 159 129 107 129 162 126 112 140 166 121 200 190 136 114 134 161 110 175 139 118 167 121 124 140 126 189 133 184 110 144 105 100 187 108 124 133 187 141 102 196 115 191 169 166 186 149 115 120 150 164 186 132 138 175 194 147 174 184 111 179 136 192 147 184 193 128 164 107 174 110 137 182 164 193 186 192 
190 198 162 102 135 187 186 113 160 110 160 142 134 163 122 121 161 173 186 154 189 133 192 145 157 193 108 132 120 114 174 192 142 139 187 106 122 156 198 175 187 165 198 174 158 134 137 169 116 123 121 118 130 189 154 144 124 135 138 185 102 123 195 104 115 130 133 194 145 153 120 148 110 179 109 132 155 169 153 143 176 176 106 192 125 101 133 181 135 121 189 146 145 102 132 170 191 129 150 191 
175 119 182 127 122 150 157 138 123 112 124 111 179 130 147 150 133 133 190 150 143 153 168 106 111 158 113 149 135 172 196 150 108 152 178 189 158 143 161 123 190 149 100 139 172 194 163 189 185 143 161 194 160 104 171 154 109 143 187 161 115 157 168 113 162 116 199 160 102 162 111 148 134 145 179 191 108 106 111 102 182 159 107 124 137 102 121 110 109 138 158 134 193 118 110 151 132 129 147 109 
146 119 103 101 186 151 108 111 153 111 193 161 140 104 178 163 124 115 116 133 158 132 150 160 105 152 102 150 158 179 172 101 104 171 181 162 192 115 192 115 180 178 105 100 113 115 121 149 181 116 147 131 101 160 120 181 154 109 139 182 139 189 193 114 156 143 161 192 130 172 144 111 125 124 136 162 185 176 177 174 168 181 153 135 160 119 135 133 164 170 183 194 132 116 104 158 155 160 161 146 
125 155 127 140 139 139 168 108 101 175 136 108 130 198 156 174 108 129 108 192 191 121 104 149 177 190 109 103 164 170 119 193 139 117 137 160 158 152 164 192 158 154 194 183 179 195 168 162 100 195 129 145 147 157 194 193 137 157 100 109 102 117 100 172 123 133 119 163 172 101 190 164 107 150 112 163 196 192 113 141 198 172 178 148 124 100 141 170 154 162 173 159 134 109 154 169 142 157 199 146 
134 169 195 188 153 108 124 200 139 199 137 140 179 187 106 128 149 166 181 141 101 151 150 125 156 142 107 192 191 199 118 172 129 195 180 108 107 104 188 183 116 193 109 124 181 145 107 137 173 170 190 163 172 139 102 120 122 160 160 167 193 101 167 115 153 143 159 159 145 120 110 122 189 172 154 148 168 150 159 103 129 126 167 133 193 173 164 182 119 129 110 145 155 182 121 107 180 129 189 199 
145 182 137 114 173 200 107 143 197 186 129 189 143 178 130 193 128 173 175 149 180 102 168 151 132 187 190 189 106 196 152 121 184 158 120 199 147 114 102 127 127 111 119 188 141 150 132 178 156 200 118 117 169 106 196 176 149 121 179 103 102 179 191 194 198 181 101 155 195 121 175 157 186 151 160 194 167 116 111 182 171 192 184 174 104 166 183 116 179 144 114 188 142 172 128 166 187 171 137 141 
200 133 112 184 127 150 119 174 125 113 119 155 106 140 158 135 174 118 100 177 149 199 125 152 104 136 119 168 149 155 113 136 151 172 136 125 180 176 186 142 114 117 125 107 140 158 189 100 191 112 120 194 179 149 133 151 162 182 110 152 187 127 113 141 123 111 191 121 157 102 174 147 104 164 185 160 182 143 194 195 128 169 140 127 154 101 113 103 173 118 167 156 175 125 105 102 154 142 196 151 
127 179 162 169 160 193 166 132 140 133 162 132 153 182 100 102 175 121 191 117 122 154 177 106 112 170 173 125 124 152 159 108 142 177 198 193 169 172 101 128 106 112 194 157 124 198 100 163 140 104 176 183 119 176 173 162 153 194 145 188 133 171 133 196 151 156 118 160 144 114 157 124 183 166 156 138 129 183 193 143 177 140 189 106 184 151 177 146 195 128 166 129 126 116 174 148 127 156 111 143 
105 166 181 123 188 138 105 194 184 160 194 117 168 188 182 179 104 100 105 112 145 153 117 135 102 186 182 114 131 111 191 143 164 143 196 144 159 121 110 141 195 100 163 180 155 169 109 128 170 103 174 138 177 182 190 193 108 144 146 136 117 105 144 118 114 124 165 178 179 118 103 124 157 161 165 124 183 132 152 143 111 196 141 125 149 137 121 119 160 134 195 111 176 181 156 112 147 175 178 142 
127 149 126 191 100 121 193 169 117 150 138 179 161 123 100 147 165 174 118 105 149 168 124 116 153 136 181 148 122 138 111 198 122 153 152 119 127 128 169 151 160 155 116 175 165 171 196 141 123 121 146 181 101 121 109 150 133 101 166 177 183 165 192 130 130 112 149 191 181 133 193 141 123 138 167 195 158 142 187 169 190 148 161 183 194 141 147 146 115 195 132 123 163 157 132 194 198 103 157 112 
175 158 120 119 124 190 131 164 172 110 134 139 146 183 107 141 195 156 178 193 162 149 177 133 168 187 197 120 144 100 179 141 164 133 105 119 179 143 126 167 129 144 100 145 198 196 104 165 198 132 102 146 133 109 159 116 116 165 138 171 123 123 138 197 156 199 197 115 172 154 105 189 126 127 134 140 104 131 106 171 184 173 169 186 142 110 171 197 151 160 135 148 135 126 135 162 111 175 189 191 
