71 79 62 63 77 43 72 79 29 6 80 99 49 50 2 32 17 18 61 76 91 51 29 19 20 97 74 68 50 93 73 36 86 30 45 54 20 76 30 82 61 17 8 43 97 68 24 23 27 4 75 90 75 41 59 69 79 52 74 74 81 68 87 82 18 11 63 10 7 50 65 42 3 55 95 74 66 10 82 9 63 74 73 8 2 0 51 72 20 62 22 56 43 41 13 70 18 99 96 85 
86 98 35 32 42 24 65 15 27 89 35 27 17 6 74 26 16 46 24 26 98 37 86 0 62 33 16 42 9 79 43 27 0 41 86 91 4 54 76 10 60 23 7 81 71 7 31 89 49 18 99 46 81 93 67 7 46 33 66 59 65 78 95 3 56 6 74 7 91 21 51 30 20 46 38 42 29 79 0 52 51 22 38 99 53 22 100 45 57 0 100 61 42 65 70 39 69 27 46 54 
91 96 42 2 67 55 51 34 25 67 96 20 38 47 100 59 44 91 55 60 18 91 72 12 83 27 26 79 2 40 11 9 12 29 96 73 70 8 15 84 15 72 29 46 46 23 5 80 34 74 86 52 26 78 2 42 63 38 97 20 95 35 93 7 55 76 86 20 17 29 34 26 9 0 37 21 32 44 95 47 77 30 55 44 55 78 97 27 52 40 50 3 89 67 47 58 26 48 64 77 
74 7 94 98 25 26 100 53 61 42 70 44 78 39 28 88 14 44 17 77 67 50 61 36 92 50 41 23 91 67 29 16 31 20 88 24 37 43 9 8 1 6 90 68 79 60 1 42 76 44 19 39 52 99 70 66 53 81 52 39 49 0 31 88 30 58 20 3 38 55 4 66 95 17 73 51 64 10 48 7 39 0 70 28 66 72 66 87 79 11 30 5 45 8 17 66 1 60 24 87 
89 75 95 81 1 89 74 37 26 58 3 82 62 51 36 81 53 99 63 23 89 74 70 49 33 59 85 73 53 18 39 6 95 3 49 24 96 86 15 67 37 79 88 21 64 65 44 78 40 91 37 29 51 82 42 98 5 36 80 7 41 5 31 47 69 75 65 16 59 98 36 34 91 77 76 63 28 7 81 55 87 3 77 49 29 8 60 87 26 59 60 89 41 41 39 37 91 38 52 35 
63 56 92 2 70 64 1 21 73 13 74 62 73 97 74 60 74 24 85 32 8 89 4 100 36 55 64 74 3 54 37 68 31 56 48 93 39 60 14 7 9 5 8 31 32 16 59 69 64 85 7 2 100 82 80 86 8 36 61 72 61 14 38 5 87 67 33 82 54 100 28 95 86 87 82 61 31 36 97 77 80 85 0 96 15 84 58 29 99 100 3 67 18 67 25 27 48 74 93 73 
62 93 92 47 26 51 51 46 51 21 12 0 13 50 75 31 92 11 62 11 87 91 23 70 41 24 91 14 60 60 65 81 18 34 87 80 53 83 50 36 91 96 79 16 14 66 57 31 40 21 91 23 23 61 95 5 100 6 40 91 87 91 14 47 17 14 38 6 95 96 33 76 66 69 3 99 15 8 22 98 39 49 76 94 28 40 33 0 35 36 72 39 53 75 67 50 54 93 73 91 
24 28 71 37 99 49 94 17 93 48 98 91 86 13 52 27 27 72 31 4 39 7 13 38 34 9 23 35 66 84 13 4 21 73 80 78 34 14 44 81 67 72 10 59 92 36 17 0 31 91 94 15 80 19 75 87 51 44 70 91 68 57 45 31 9 52 16 16 79 66 66 41 14 14 87 75 92 17 35 16 0 76 69 45 1 98 65 55 84 46 20 38 34 89 34 37 14 100 71 3 
85 94 93 2 39 88 77 28 29 35 8 55 61 63 39 12 48 100 23 34 40 37 22 21 56 13 58 98 23 59 62 74 20 82 19 53 39 84 5 41 68 58 10 73 61 90 71 1 65 30 23 27 56 80 82 27 31 64 20 16 39 45 74 56 46 82 2 84 45 26 38 86 59 32 90 48 41 1 42 93 11 58 9 97 11 20 75 89 16 18 16 51 99 71 69 77 43 21 8 3 
36 14 52 15 15 75 71 4 44 23 34 4 1 25 95 100 53 20 90 88 70 4 55 62 62 83 5 92 40 24 64 32 26 79 85 73 65 42 31 94 53 52 3 26 5 21 39 42 19 65 96 16 25 35 64 14 99 25 57 78 8 70 68 19 51 20 71 21 6 97 73 57 0 56 19 98 38 58 77 22 25 40 45 64 34 29 93 7 98 99 93 48 34 82 93 75 24 94 87 57 
84 52 84 75 39 99 73 47 96 93 60 52 76 83 98 7 71 82 56 49 74 56 86 72 84 79 48 26 7 6 78 47 21 65 16 12 49 19 3 71 28 38 25 9 100 95 96 53 9 47 38 70 11 16 34 81 36 87 36 75 94 69 41 31 50 84 2 15 12 13 54 95 30 17 14 11 13 7 96 59 42 87 74 46 46 14 97 70 22 92 36 91 0 22 2 9 59 54 13 2 
72 82 60 65 65 53 34 95 48 21 84 82 17 5 23 75 18 75 12 56 24 63 9 7 25 62 21 64 37 39 50 93 66 81 8 26 31 15 0 98 12 86 54 91 53 22 45 26 8 100 60 47 82 85 6 86 38 38 24 88 10 68 62 35 92 74 74 95 26 69 34 11 28 86 36 35 67 40 18 72 26 28 16 28 57 20 64 53 12 37 58 48 95 53 100 77 14 40 58 36 
1 66 78 8 30 35 79 54 20 47 39 16 67 83 16 66 49 70 66 45 50 45 18 24 85 6 82 70 4 48 16 95 38 40 78 65 18 78 1 53 34 69 59 80 88 62 74 26 12 80 47 92 1 70 41 43 71 9 0 8 99 6 12 36 94 86 50 47 72 55 14 63 24 38 98 63 79 79 43 89 8 18 94 80 45 33 21 24 80 89 74 53 95 66 60 93 75 3 44 49 
61 92 14 70 97 49 27 50 81 56 5 22 83 34 75 24 82 80 23 18 29 95 28 93 71 43 18 36 57 8 85 89 28 80 0 87 28 66 59 87 47 48 74 75 33 5 95 91 48 0 81 29 93 49 72 77 0 83 38 63 83 57 9 40 14 51 29 58 52 6 57 62 1 43 4 9 58 18 77 47 91 16 22 10 99 31 4 38 86 91 46 15 37 51 93 14 60 78 10 41 
46 73 37 14 99 40 58 70 53 62 94 22 54 86 25 98 9 78 11 100 94 76 15 54 38 62 5 90 6 59 59 77 32 99 41 46 92 42 92 38 63 13 29 61 94 17 40 55 57 84 81 99 91 64 26 52 98 74 3 62 58 77 82 32 75 68 26 39 41 43 79 43 6 73 92 35 58 98 11 79 60 2 77 89 82 29 73 1 75 6 3 97 64 29 97 93 85 16 38 98 
10 61 50 32 27 23 21 44 92 27 16 15 94 79 26 19 32 20 43 1 88 16 95 28 57 51 99 60 78 66 74 10 45 75 86 80 4 84 31 34 9 17 27 36 31 11 88 8 59 23 39 59 37 91 40 1 29 32 81 52 37 29 2 28 62 29 87 34 84 63 67 9 10 31 28 50 61 40 6 34 48 99 45 32 58 94 64 37 91 93 39 85 10 62 41 11 99 82 98 21 
10 89 36 23 74 79 70 93 90 54 4 64 92 67 9 27 43 51 34 16 77 82 54 56 26 83 39 52 32 95 44 95 33 47 1 33 65 6 58 21 58 15 100 41 63 5 25 54 71 99 53 27 40 32 29 57 85 11 52 89 64 58 19 16 37 27 16 1 14 79 16 61 94 3 25 81 43 63 20 37 44 13 14 37 69 27 17 89 95 30 3 13 14 60 28 34 5 37 84 87 
82 5 40 66 5 98 100 48 94 3 59 27 96 98 27 82 7 40 49 84 50 60 47 5 4 55 23 3 28 94 10 8 31 1 88 67 79 8 88 69 56 20 86 38 73 5 24 69 82 43 17 72 12 87 91 53 99 96 62 6 29 63 22 39 81 67 12 82 48 75 47 17 42 60 66 94 80 1 34 72 89 76 39 100 53 61 90 56 25 93 10 50 54 65 27 99 23 11 17 48 
8 18 89 69 41 77 93 32 42 81 31 84 23 32 47 82 61 66 40 29 66 4 1 30 31 48 73 61 3 99 90 99 82 40 97 5 75 81 0 7 74 19 63 44 57 37 6 38 84 91 14 0 47 78 94 50 44 33 6 42 1 69 64 97 82 41 53 94 47 64 38 22 78 15 18 60 41 64 80 97 37 6 96 70 56 71 45 3 73 80 92 67 95 58 71 16 61 11 39 75 
30 29 13 95 91 100 45 49 50 71 92 56 64 17 68 81 52 66 50 56 28 12 3 29 33 44 84 70 89 13 46 92 45 83 28 3 89 70 79 24 41 76 5 34 39 73 73 51 43 24 74 83 0 82 45 31 72 46 13 87 98 28 35 77 52 68 16 94 16 4 54 69 68 4 94 62 55 12 99 100 33 32 93 45 7 72 59 49 26 59 69 29 92 72 36 20 17 24 14 21 
2 64 75 75 57 90 36 84 68 88 28 63 0 3 89 78 83 14 50 19 8 35 37 58 52 53 7 67 89 14 80 41 85 30 51 91 36 47 100 86 58 35 64 38 63 16 75 21 67 38 45 22 21 60 31 79 19 2 51 92 61 6 26 33 13 92 32 15 3 2 34 15 51 15 20 64 86 5 74 19 24 80 35 9 73 13 23 85 25 17 59 76 57 30 9 52 25 82 48 16 
42 69 62 82 17 68 95 33 32 75 93 54 44 25 14 47 47 81 24 43 76 53 18 80 31 81 94 91 31 71 79 55 25 39 100 1 77 86 2 38 22 57 52 65 62 70 65 62 71 98 15 100 1 95 44 11 76 80 83 42 39 35 87 75 50 39 52 12 42 30 20 9 13 97 96 47 21 59 20 18 66 71 73 7 23 99 44 29 15 35 100 8 92 28 47 63 29 15 14 3 
99 30 70 29 40 85 0 56 47 72 8 4 50 46 98 55 20 27 22 33 64 32 68 0 78 8 54 21 60 53 98 41 55 78 62 3 71 75 55 73 4 75 1 57 71 70 97 98 5 88 48 33 72 23 66 97 12 100 86 5 38 5 76 41 9 14 64 65 57 30 85 92 80 0 73 29 73 63 8 49 28 77 43 45 98 53 86 48 55 13 75 67 94 64 24 58 54 73 77 25 
89 0 27 92 2 99 88 44 6 86 93 28 12 71 2 63 39 84 40 92 22 31 24 60 59 88 33 86 89 78 54 40 93 17 80 57 23 15 26 17 68 97 87 58 33 25 43 3 85 77 48 57 30 28 31 80 57 67 26 19 20 5 66 17 50 5 52 12 63 10 56 63 55 29 96 49 47 51 84 0 8 94 90 9 41 13 90 81 95 61 32 74 58 61 52 1 66 45 38 16 
31 29 7 69 13 73 9 35 52 10 9 60 61 43 83 26 78 81 82 94 15 1 68 41 80 42 2 77 89 52 30 19 35 37 96 3 39 40 72 7 4 1 84 21 58 92 49 42 68 73 5 37 80 63 4 25 4 67 29 35 18 20 91 17 5 64 22 89 3 16 97 100 59 21 93 64 100 3 60 3 48 61 43 65 54 29 48 85 54 43 39 58 100 58 84 60 39 85 31 96 
44 42 20 23 57 10 84 99 94 42 3 64 42 49 81 28 17 99 69 87 100 63 15 22 44 41 78 22 68 73 43 83 42 39 13 41 46 76 77 51 5 58 50 40 59 7 79 68 61 35 97 28 22 83 30 20 3 55 85 49 53 10 97 97 53 71 49 48 26 9 22 1 93 80 99 16 67 48 11 4 3 26 29 42 46 99 88 80 81 45 46 30 17 92 19 50 99 64 79 74 
60 73 25 72 40 45 36 72 8 66 40 30 81 53 53 49 48 55 76 58 61 18 24 23 18 57 7 33 17 77 79 97 20 72 28 73 24 38 69 18 78 89 6 17 58 44 84 91 62 81 26 35 16 2 7 64 61 30 96 32 10 22 47 54 97 32 76 95 0 77 88 20 84 59 77 55 71 38 46 85 4 90 69 20 76 97 17 62 96 10 74 50 21 77 41 69 65 49 30 92 
86 17 64 87 63 64 6 16 83 86 38 56 85 70 10 82 34 39 65 68 23 47 58 2 46 22 74 96 17 54 99 49 61 82 100 26 23 82 44 76 41 31 25 46 22 58 22 24 88 48 6 36 69 45 51 14 89 0 12 14 6 3 21 58 71 11 57 1 99 30 92 40 87 0 89 3 59 81 36 88 56 11 38 75 6 78 94 98 26 52 60 24 79 100 40 52 63 61 58 68 
74 7 11 64 52 0 24 7 64 76 54 70 43 13 61 27 72 15 24 11 53 15 27 63 27 16 93 58 36 84 97 5 45 87 65 88 73 27 92 67 57 1 27 90 20 83 35 62 12 69 22 82 95 39 57 10 72 96 87 3 47 70 100 48 25 19 70 75 94 73 11 92 87 8 91 10 74 73 86 76 27 8 76 94 100 23 14 47 28 33 12 10 2 37 76 34 86 21 97 12 
51 40 4 83 86 33 41 68 78 64 9 93 77 73 90 43 68 92 45 66 35 67 21 19 19 24 69 5 43 7 81 35 78 34 94 50 81 63 84 52 7 38 100 94 88 78 72 42 36 73 89 38 60 40 90 19 93 18 96 27 10 84 90 8 98 68 61 72 48 76 28 71 90 22 58 49 99 6 14 29 27 21 10 75 30 78 9 63 21 19 26 89 28 44 4 14 38 8 60 47 
41 64 89 36 82 66 91 23 74 81 30 54 34 96 81 21 33 42 0 38 98 87 13 69 97 36 36 92 40 27 76 1 81 93 32 9 13 39 0 48 80 72 71 19 99 92 0 24 0 45 45 84 89 24 23 60 6 36 70 86 44 79 14 50 99 7 88 18 68 100 63 75 0 41 58 17 70 98 5 45 97 62 1 100 65 74 64 26 86 20 4 96 22 20 12 82 85 32 91 73 
88 0 12 67 64 83 68 48 96 60 34 91 70 50 42 15 21 73 40 2 78 43 57 32 16 13 60 9 90 17 3 29 95 73 30 21 43 80 80 100 8 100 59 77 84 93 10 89 38 11 21 93 41 84 28 88 7 10 77 4 91 45 81 84 71 25 56 86 50 47 32 33 71 84 90 76 80 70 82 48 44 6 99 24 99 64 86 23 72 61 93 32 82 77 42 98 51 40 98 90 
32 73 72 21 90 68 12 46 60 46 10 1 50 29 91 48 82 64 76 93 3 96 32 70 93 71 52 75 4 55 42 54 84 43 23 88 81 12 64 10 22 31 39 91 99 60 41 76 58 62 28 64 76 70 31 21 75 6 76 33 100 39 5 27 0 16 1 27 49 70 33 4 96 85 36 61 74 36 10 36 98 12 38 19 31 74 45 73 20 96 78 33 76 55 94 38 53 63 4 61 
31 67 58 56 54 74 42 19 94 39 79 82 26 93 1 97 45 65 96 51 1 90 66 55 12 98 72 32 6 13 33 41 19 55 0 84 73 93 74 79 47 64 96 65 14 39 57 91 10 25 51 41 24 61 39 31 5 45 41 97 85 52 79 26 94 42 85 81 43 36 88 24 64 76 89 32 65 31 60 49 33 64 94 25 55 38 31 84 21 16 6 50 76 57 55 59 47 17 44 96 
63 95 13 5 16 62 85 46 77 75 50 14 89 53 88 73 12 59 40 70 51 67 84 49 50 89 29 29 45 46 25 76 82 24 95 89 39 71 30 7 62 48 57 37 8 10 42 72 5 25 23 79 89 16 45 76 100 57 11 66 87 95 87 90 4 11 69 20 39 2 81 33 23 36 86 28 85 9 11 17 50 20 53 56 71 19 20 98 84 98 27 80 48 4 3 82 60 80 3 59 
59 70 26 31 20 52 77 38 50 84 68 66 67 4 62 88 64 0 21 70 5 64 40 62 42 91 29 67 14 63 87 96 97 42 89 77 91 73 1 3 99 87 56 7 88 25 43 7 55 35 97 23 15 9 89 66 43 68 64 63 98 35 10 59 6 25 5 90 31 28 92 31 18 3 91 8 26 51 1 84 61 35 99 97 83 22 51 44 90 79 15 5 34 92 85 28 48 87 81 4 
66 26 95 92 11 48 64 39 76 41 61 11 61 77 75 43 100 95 45 86 82 73 44 52 73 72 91 35 32 71 51 26 86 69 91 15 32 87 68 66 42 57 27 45 72 89 80 34 74 2 31 48 53 57 5 86 25 38 96 28 22 61 59 82 80 33 96 25 84 77 67 50 49 76 58 42 88 9 14 86 0 100 30 2 8 37 7 50 84 68 86 84 58 47 63 9 40 69 98 75 
70 41 54 21 89 88 0 1 44 98 6 1 32 96 98 58 60 34 20 58 61 16 65 37 49 93 84 96 23 51 28 20 74 87 17 100 9 63 60 95 85 12 33 64 61 3 14 5 4 54 37 76 38 88 2 67 45 50 44 95 38 41 29 42 63 84 97 90 25 33 73 89 4 20 62 3 70 45 79 62 42 96 35 28 49 73 67 22 92 73 70 62 32 78 27 67 20 10 94 36 
60 55 21 34 10 37 43 81 53 60 79 60 25 31 75 96 39 83 100 25 26 74 61 32 88 76 30 53 29 37 82 35 45 39 71 65 72 91 92 65 56 61 86 90 30 58 41 93 92 78 4 51 6 83 51 67 73 89 18 20 13 81 69 93 63 38 22 82 29 5 17 10 5 50 6 22 99 72 9 18 1 20 96 49 60 24 87 79 25 55 38 32 60 7 44 54 88 50 2 29 
57 62 38 50 12 99 23 71 3 14 17 20 37 41 67 7 21 81 77 26 76 45 74 98 80 39 39 98 54 55 51 20 51 12 94 72 43 42 81 26 73 18 15 7 84 48 100 26 68 100 19 41 49 36 99 75 25 27 61 13 67 78 26 53 55 89 55 81 17 95 88 41 32 44 24 72 19 58 63 25 19 44 22 75 87 67 80 71 27 44 22 84 84 19 43 73 13 94 26 3 
73 12 13 47 55 67 60 97 40 33 33 43 91 65 41 41 96 83 84 87 15 88 16 29 35 85 76 87 91 54 80 4 99 25 72 64 82 6 16 72 43 85 17 41 93 96 95 50 55 87 66 13 86 55 15 81 95 86 42 75 67 64 61 10 17 8 71 48 20 61 44 33 92 65 98 48 61 83 14 83 84 53 58 50 9 50 48 41 9 64 60 65 95 68 66 4 17 95 82 1 
49 43 95 51 25 55 66 63 34 22 67 9 11 61 3 64 17 63 33 44 64 60 53 60 54 51 87 73 98 42 98 88 11 70 14 61 0 30 68 15 56 20 53 29 71 14 2 66 63 36 45 76 68 92 77 46 83 42 93 32 82 26 78 44 61 80 15 97 53 75 4 97 71 93 71 36 82 90 29 77 80 45 90 47 59 45 91 21 13 5 25 9 99 71 53 96 22 10 21 19 
88 1 43 76 15 28 20 3 49 75 9 66 72 35 81 92 56 8 78 45 48 86 44 0 99 45 30 91 44 87 29 56 32 48 100 20 68 94 70 78 34 88 15 83 67 10 74 93 95 64 25 48 11 48 45 37 89 63 35 77 86 49 26 46 15 14 67 75 94 11 75 89 54 58 27 45 31 67 89 98 25 86 14 52 4 66 78 5 6 18 10 87 83 14 58 90 92 58 100 88 
77 16 18 21 40 36 34 0 78 76 75 37 51 50 38 50 93 33 56 98 11 87 57 43 97 1 54 11 88 70 78 0 49 27 91 46 41 64 26 66 49 36 2 3 10 78 20 35 17 32 19 96 26 21 13 48 53 73 70 2 76 60 28 60 23 41 73 80 12 17 8 95 87 81 65 89 57 65 50 16 92 71 87 61 45 55 13 54 29 59 9 67 55 74 20 27 72 67 63 45 
65 4 58 22 77 30 27 18 37 89 30 44 57 85 13 54 79 68 63 19 59 34 47 69 55 57 51 47 6 52 56 41 19 30 27 89 91 33 33 61 51 71 100 14 43 85 58 36 94 98 36 73 87 51 2 72 56 7 90 53 29 91 50 76 42 4 51 48 89 29 3 47 23 32 21 74 64 85 41 8 80 55 20 0 75 84 45 87 49 20 52 9 28 92 64 57 36 3 17 32 
29 93 53 88 89 75 94 69 64 42 84 6 16 18 82 72 61 26 73 95 47 50 50 85 33 98 69 56 27 51 62 71 99 48 46 91 82 20 71 59 59 67 82 6 50 55 17 44 64 30 54 100 27 9 94 22 20 86 74 30 15 92 87 90 88 37 13 16 93 90 40 52 93 58 39 0 9 11 29 65 32 34 27 91 41 55 4 89 16 3 4 62 55 78 60 49 37 20 65 64 
89 92 17 80 42 29 85 40 66 33 28 11 44 75 74 10 49 4 93 9 100 13 14 49 64 81 53 6 47 42 40 12 88 9 50 78 74 25 32 10 65 43 47 11 93 44 35 44 4 54 56 73 74 61 32 50 84 44 90 54 39 67 66 82 11 54 72 43 52 54 30 10 54 31 51 62 54 32 81 35 90 27 2 97 44 39 94 85 100 41 12 80 46 46 70 89 21 97 42 78 
74 16 29 79 50 32 21 22 25 45 61 18 72 36 64 47 54 24 8 67 74 79 95 56 80 75 28 33 51 4 60 30 0 9 3 16 15 22 4 39 49 5 37 57 34 12 74 93 36 56 57 52 24 0 32 84 44 29 71 61 15 98 33 22 67 78 4 16 27 43 50 12 87 55 38 87 79 0 79 13 97 38 55 74 96 65 79 7 45 73 99 60 23 100 45 93 50 60 91 87 
29 93 20 0 64 19 57 73 48 60 73 41 89 52 74 97 84 46 6 48 20 6 49 99 27 82 88 15 81 73 81 40 95 86 36 12 85 17 36 77 30 11 94 10 31 60 64 65 98 67 59 9 9 67 49 81 27 23 74 25 34 62 78 66 28 13 61 34 51 77 99 64 28 48 28 5 80 6 84 15 93 34 29 47 82 80 35 14 75 68 13 11 52 91 17 7 79 37 38 53 
37 6 9 10 33 8 71 37 52 21 4 13 16 28 78 100 94 8 41 45 55 5 82 48 2 73 22 43 22 20 55 71 30 66 84 61 71 45 34 0 57 45 61 99 78 56 93 46 75 2 59 79 94 34 82 7 38 99 98 33 22 49 49 32 19 62 94 78 76 53 100 37 76 44 94 50 46 48 80 54 37 66 18 5 93 89 69 42 91 39 5 51 85 88 78 42 80 76 6 27 
5 69 31 72 45 91 15 77 37 49 55 10 94 3 98 76 52 43 58 39 92 23 31 49 98 15 91 42 52 85 48 46 62 100 15 100 44 68 98 3 26 84 34 68 15 23 25 41 53 98 34 98 58 9 57 54 54 43 77 52 14 83 80 38 51 59 20 75 60 23 53 85 52 15 9 46 57 30 54 78 51 9 49 72 3 21 87 18 50 32 21 18 99 68 82 52 2 93 34 65 
72 35 74 52 52 25 55 58 69 97 88 1 100 91 94 97 64 95 58 27 50 85 98 42 0 52 13 61 80 4 56 67 52 14 87 67 8 1 40 56 53 35 99 9 46 75 13 3 46 90 48 44 2 92 88 85 30 34 47 54 31 92 27 34 76 47 90 56 62 45 76 81 48 7 34 65 80 70 79 39 58 18 18 47 47 71 74 52 20 9 81 7 76 85 77 37 95 94 23 99 
54 15 32 6 44 55 63 5 24 37 5 95 48 85 18 8 27 78 81 26 65 5 98 46 65 92 22 70 17 5 25 83 3 54 57 12 67 31 41 86 3 78 8 93 33 75 26 22 92 7 99 93 33 2 28 16 68 25 12 57 1 91 0 30 89 40 0 24 65 29 90 44 84 69 81 31 51 22 0 72 50 19 7 75 9 23 66 67 25 70 73 70 61 96 70 1 19 37 63 63 
57 95 96 74 78 60 97 31 4 70 19 14 67 26 100 44 67 95 17 75 85 22 38 89 81 44 98 73 19 39 55 88 15 23 33 4 97 48 13 7 39 38 89 44 5 69 27 55 29 39 12 87 1 73 67 91 29 21 77 18 69 11 22 39 35 14 65 36 90 72 94 54 78 24 19 78 47 52 43 14 73 91 78 68 65 78 49 97 52 71 57 95 13 44 14 34 37 99 46 95 
1 55 15 59 21 3 38 88 83 44 86 59 1 18 15 56 24 48 64 31 99 93 19 28 77 44 45 69 81 27 85 14 9 1 89 10 75 96 93 42 0 22 81 6 12 28 91 45 0 16 39 97 69 26 37 10 96 35 57 23 72 83 64 50 38 75 69 61 82 95 4 26 31 5 13 27 24 7 58 12 15 65 68 73 66 17 23 39 62 47 9 24 17 85 27 33 12 93 33 10 
6 70 16 89 84 9 91 30 74 37 85 54 59 34 84 48 98 88 41 90 11 50 85 86 24 76 59 18 28 90 53 68 60 6 77 47 99 75 62 79 9 53 62 97 79 67 79 59 41 33 32 84 43 82 60 57 22 12 25 86 68 29 26 33 4 19 28 31 59 77 77 1 88 2 96 57 48 76 83 78 48 24 49 63 14 63 64 72 76 90 28 91 74 100 23 47 85 27 66 75 
96 63 79 70 99 5 31 89 4 21 66 32 81 5 94 7 88 83 99 81 71 20 52 1 89 13 49 26 6 83 30 43 87 55 93 87 96 55 15 19 19 94 16 77 93 57 49 93 0 62 55 26 67 18 6 60 26 29 29 13 3 34 85 10 10 88 61 64 7 45 48 45 12 55 60 34 97 56 69 68 68 70 82 89 67 21 100 70 69 11 29 31 31 38 78 12 10 77 57 23 
36 92 5 32 34 78 66 66 7 95 25 81 77 84 31 46 60 95 36 65 65 80 78 79 95 61 17 32 21 87 65 19 32 93 52 85 43 97 37 41 58 52 92 59 32 42 91 40 64 86 5 44 74 36 90 44 96 100 63 66 24 23 7 33 21 59 70 25 32 6 25 87 52 48 84 8 49 34 36 37 57 51 96 59 68 27 85 19 63 28 52 25 24 40 26 41 55 92 32 69 
37 91 79 21 3 54 50 2 65 75 68 32 74 23 65 6 70 28 4 83 77 29 4 88 57 26 98 88 7 56 74 82 71 49 41 53 4 77 37 73 9 87 43 2 63 4 72 13 42 81 35 1 45 87 7 19 96 53 42 14 3 63 41 63 36 78 18 100 100 25 72 25 74 34 96 15 2 6 84 12 60 90 0 86 34 90 3 82 76 26 28 6 60 72 20 67 74 92 38 12 
62 12 81 18 10 4 86 64 93 77 18 14 47 78 25 83 53 99 98 53 31 67 76 17 11 53 83 0 70 26 56 68 58 92 90 17 84 23 27 30 31 71 74 1 17 27 57 83 64 3 60 86 18 86 90 44 42 67 52 78 1 58 33 35 9 22 1 27 81 2 39 33 0 90 100 43 71 35 40 69 79 6 72 37 44 99 75 1 75 83 57 84 72 56 53 96 61 45 17 72 
8 37 81 93 44 64 98 74 12 81 50 4 67 19 19 10 19 84 36 53 52 45 46 54 10 43 33 22 17 70 96 86 87 70 82 21 11 34 40 18 43 87 42 39 66 93 49 65 16 25 99 37 40 88 38 85 90 68 44 19 59 26 79 77 86 27 15 55 69 82 93 2 11 51 12 38 55 3 72 85 44 84 16 11 22 27 51 18 12 52 27 62 31 68 28 38 97 24 36 61 
34 65 15 33 21 33 81 37 34 53 57 76 9 40 12 36 78 22 34 14 5 0 46 4 33 23 32 93 61 16 61 78 82 30 33 85 72 93 54 65 30 63 9 21 57 87 11 99 1 32 53 73 16 40 18 81 54 21 85 83 83 84 97 70 55 37 95 24 67 8 52 80 19 0 26 78 62 9 46 14 56 11 100 93 89 18 71 71 21 16 70 93 29 67 73 52 57 23 44 98 
30 68 8 58 14 20 26 75 57 89 43 16 83 22 37 92 44 13 34 64 64 49 97 19 76 26 85 55 81 2 88 17 45 39 50 79 8 20 18 38 36 67 2 88 97 33 37 11 70 65 40 45 16 68 60 63 88 4 39 89 60 13 14 59 82 37 53 6 10 81 40 30 0 28 24 41 84 57 42 94 26 93 58 76 78 55 87 95 68 1 63 89 38 58 35 82 25 75 66 90 
79 20 94 65 46 27 44 67 29 8 54 89 94 63 30 6 81 44 76 4 39 15 17 20 50 43 55 87 13 42 88 76 4 8 9 21 40 26 14 100 55 56 47 88 29 95 45 83 33 48 13 39 16 67 96 51 61 90 91 71 18 95 86 2 2 88 89 27 45 2 63 44 14 87 17 4 27 58 97 20 66 92 85 89 16 38 98 54 61 5 71 27 15 37 11 28 14 37 70 59 
59 91 24 69 52 59 60 8 60 68 19 48 95 59 9 46 45 26 20 47 1 65 71 62 73 2 10 77 34 42 34 14 35 27 20 4 43 59 77 26 34 40 31 89 89 67 74 32 95 37 4 51 80 59 83 84 72 39 2 55 80 42 16 83 79 69 47 12 92 84 98 7 99 31 64 59 100 25 86 58 7 22 95 68 35 26 33 43 50 54 87 67 61 69 70 50 55 43 4 67 
29 74 89 21 63 36 33 14 61 85 70 27 72 19 10 60 12 25 100 54 55 46 72 20 30 13 99 75 26 59 65 28 42 73 99 54 27 93 49 1 69 43 15 49 14 82 25 59 80 74 0 52 83 49 32 68 16 57 32 3 37 1 2 52 14 56 17 9 87 80 29 30 58 27 25 21 13 21 59 93 5 88 12 52 66 6 60 93 36 62 22 76 13 4 1 57 14 28 24 1 
70 65 24 79 97 28 70 10 97 18 81 98 34 31 65 100 10 95 67 97 98 5 69 6 71 69 97 63 74 76 39 23 52 27 60 22 19 15 0 42 72 54 62 20 70 23 97 75 32 13 11 14 54 93 36 42 89 1 61 27 14 57 41 31 6 26 13 2 43 47 43 52 1 67 60 11 93 36 9 57 16 82 93 87 52 69 55 87 53 9 26 93 29 96 51 11 89 66 65 40 
81 10 99 86 63 45 70 20 19 27 6 61 67 12 0 27 60 48 61 97 72 72 93 14 11 64 74 78 86 26 62 47 63 27 11 57 83 74 25 59 82 97 98 48 100 55 77 99 13 32 16 0 26 73 16 31 42 23 17 7 76 69 74 14 86 47 59 91 21 81 55 98 15 2 59 38 36 92 85 32 31 12 4 24 62 92 87 11 71 10 47 87 93 88 25 18 52 37 29 26 
9 57 12 23 26 78 80 51 76 51 4 48 68 29 46 54 37 72 86 9 90 42 3 78 77 11 43 15 16 88 75 87 6 80 90 24 10 95 30 4 48 22 77 50 99 4 62 43 5 78 22 100 0 95 77 37 93 6 33 39 80 98 15 44 75 9 86 14 98 64 27 88 67 3 55 17 40 67 50 10 3 76 8 17 85 64 22 10 71 42 74 78 29 35 42 40 58 94 45 96 
25 7 18 17 37 79 77 77 4 89 31 21 73 64 82 26 27 38 3 69 99 0 50 91 4 0 15 55 11 67 61 52 30 68 83 47 86 60 17 24 84 71 27 19 52 84 59 68 58 90 75 14 53 2 45 20 84 17 12 18 35 17 71 73 49 37 19 65 81 38 78 49 38 48 74 54 34 35 49 55 70 6 70 5 54 79 60 7 59 21 56 98 19 76 40 71 42 63 24 65 
38 39 1 89 27 89 89 42 58 34 39 5 36 75 31 23 50 83 96 14 29 45 79 7 20 20 63 35 86 45 88 86 9 99 8 66 36 65 61 55 23 65 59 29 55 20 90 91 49 38 34 4 84 89 7 40 4 24 3 2 59 96 30 65 66 6 62 41 95 51 3 68 80 82 54 43 93 49 100 13 31 81 50 10 83 63 22 70 12 57 46 75 56 69 17 91 15 46 22 12 
4 28 43 91 50 21 64 50 11 59 72 36 24 27 50 48 25 39 13 51 99 34 24 53 6 43 100 11 86 90 50 84 90 40 45 29 68 43 52 32 40 26 25 82 10 74 69 45 11 68 40 78 67 57 51 71 73 78 39 70 3 70 56 75 87 76 11 77 20 55 34 23 69 98 77 28 72 15 32 76 72 49 39 58 67 47 55 9 24 16 64 33 65 39 0 75 27 62 19 2 
84 100 3 51 38 55 67 65 54 1 27 27 88 13 96 66 82 50 68 72 23 41 45 21 93 60 0 15 53 84 9 12 49 20 31 86 47 90 63 98 71 43 45 34 61 82 80 24 78 90 36 62 65 20 79 73 38 76 5 84 71 21 34 23 22 31 79 21 18 44 83 69 74 62 25 11 45 36 14 72 72 76 79 27 41 79 93 31 35 47 52 37 97 14 91 83 33 10 99 34 
12 34 26 44 80 86 88 79 96 86 100 96 38 11 39 59 5 38 69 35 3 15 66 9 77 33 95 25 15 90 61 5 3 36 9 88 86 27 28 15 81 87 41 35 63 76 77 45 46 15 5 78 35 14 96 7 63 29 41 14 24 83 15 12 63 48 97 26 65 78 53 86 83 20 74 0 7 41 61 54 28 10 59 76 9 93 10 53 86 32 22 78 98 40 38 49 73 1 25 73 
89 17 4 11 44 32 43 46 17 42 78 29 71 69 37 78 41 16 3 95 11 39 48 25 64 85 49 32 22 54 46 67 54 42 59 88 21 7 25 18 23 20 59 66 25 7 66 67 79 57 99 50 45 57 99 10 64 99 84 17 85 83 18 95 79 94 39 28 73 70 81 88 34 97 23 36 6 80 89 62 0 13 86 100 6 75 55 38 100 83 49 71 33 38 88 90 63 22 20 86 
60 15 65 9 82 68 91 93 52 50 77 64 70 11 34 33 88 30 80 27 58 16 56 18 86 89 10 97 64 76 37 43 98 81 91 95 12 12 25 0 0 5 7 80 69 68 64 12 71 97 99 77 89 65 62 50 9 45 15 69 59 38 54 66 70 81 11 77 49 13 80 9 27 49 9 7 60 47 58 98 11 67 93 20 37 94 52 39 15 24 90 51 31 43 91 36 56 6 88 14 
14 52 84 59 45 15 46 48 24 31 61 54 54 49 7 85 85 32 45 19 27 37 53 42 41 9 58 37 77 57 31 30 18 30 11 65 3 39 65 46 32 30 3 34 52 32 8 75 63 93 24 91 23 67 17 92 26 87 66 1 24 12 99 61 87 11 14 86 48 18 8 16 39 40 12 41 19 29 65 37 4 61 49 7 45 39 66 80 4 81 43 3 42 67 89 99 48 6 85 16 
95 44 62 1 65 55 28 46 63 74 73 41 67 0 86 93 13 64 81 81 49 40 1 77 46 87 91 95 83 55 42 75 90 41 0 45 58 69 96 29 68 83 21 62 55 71 21 3 90 83 83 51 80 92 47 93 47 44 33 58 50 87 72 87 33 40 90 70 34 21 32 97 36 41 84 15 98 45 66 73 22 52 57 3 97 85 85 25 84 100 2 20 53 92 35 57 54 33 7 77 
12 85 12 33 6 50 82 49 16 17 59 20 87 95 66 51 16 30 84 100 88 65 56 42 92 28 47 34 7 88 19 97 91 64 47 14 8 24 3 73 53 51 42 61 80 48 34 82 67 39 92 85 7 7 1 9 74 99 97 26 41 59 40 12 91 82 17 22 55 25 86 57 3 14 20 12 38 87 5 61 11 27 59 26 31 73 60 48 69 17 90 67 73 56 90 28 23 88 55 34 
54 23 60 80 60 99 46 53 50 32 54 16 9 6 72 66 37 97 99 17 68 6 87 36 41 16 67 23 61 45 3 47 23 37 69 43 42 73 27 39 4 63 44 76 43 61 8 53 28 9 51 42 52 59 82 49 75 61 62 39 72 18 51 18 52 73 36 67 32 7 98 10 70 39 57 56 77 49 32 55 68 16 37 65 5 97 53 52 20 19 78 45 66 90 92 15 79 91 55 10 
76 11 7 41 50 29 45 31 60 74 52 84 10 78 52 57 92 34 85 19 90 62 21 87 90 13 9 90 19 2 62 84 73 37 38 88 90 94 51 37 7 69 24 2 13 33 71 91 32 13 27 19 17 49 1 31 91 24 71 94 69 41 90 39 84 41 44 10 47 49 77 85 41 13 84 95 39 82 18 69 68 55 9 54 19 35 53 95 65 19 63 89 55 5 78 34 22 72 52 30 
43 9 63 85 61 20 66 97 72 24 88 36 88 70 53 97 58 97 30 11 6 72 1 28 1 80 39 98 71 86 17 60 86 79 47 39 10 41 22 21 81 65 85 77 78 30 2 58 88 66 78 72 12 84 88 13 68 54 83 86 94 40 40 5 95 82 70 76 78 67 5 55 3 14 55 3 81 67 100 77 94 55 88 21 33 96 43 58 94 70 19 82 86 73 70 35 11 26 70 53 
22 98 21 45 85 50 56 60 77 81 19 51 44 33 36 13 99 36 56 20 55 91 97 82 24 55 28 8 51 91 57 47 52 28 55 39 86 56 91 66 43 58 20 62 85 8 31 74 85 10 77 84 58 59 87 56 31 69 74 3 31 82 31 47 83 10 81 9 53 49 65 62 36 1 90 81 13 27 91 3 2 95 68 67 22 98 90 22 81 89 93 93 95 17 72 84 18 3 6 37 
53 29 66 0 80 87 60 95 22 12 65 13 72 22 23 98 9 49 16 73 63 64 9 53 32 17 36 6 90 11 76 35 38 56 45 82 64 68 68 23 72 30 80 85 30 46 96 30 72 33 90 40 51 6 74 59 73 26 7 94 20 60 64 96 85 48 67 67 76 26 85 32 7 80 6 86 31 21 12 35 32 74 11 16 83 73 79 70 41 91 38 75 76 33 65 59 22 9 22 47 
36 83 6 78 38 95 68 46 67 27 29 98 65 72 63 96 70 4 35 14 77 21 68 88 12 34 51 87 15 94 31 52 4 68 51 78 39 2 39 94 77 47 84 29 22 4 83 25 44 13 41 56 98 27 71 65 27 57 49 1 43 24 64 26 9 89 33 0 55 86 78 95 86 30 61 86 51 50 12 94 75 77 62 25 46 48 53 86 79 12 70 2 76 44 49 30 97 43 99 10 
72 28 92 91 77 58 59 98 64 36 35 85 84 26 49 10 75 47 3 48 31 90 35 42 56 10 28 9 52 74 37 98 79 24 38 57 71 37 68 78 69 90 51 90 65 19 99 27 9 56 14 28 7 0 88 30 31 16 64 12 0 39 50 76 21 92 79 84 7 2 3 19 18 48 39 27 36 80 65 77 66 41 71 52 9 35 89 70 36 91 34 38 61 75 100 75 43 85 10 97 
76 78 69 40 32 57 76 88 15 1 78 66 6 46 73 50 32 57 87 36 71 25 7 2 84 18 80 84 81 16 92 70 30 59 91 37 98 52 80 64 99 72 14 75 96 23 33 38 37 2 76 12 32 20 83 76 76 89 80 19 44 42 27 21 29 33 97 81 22 52 21 62 25 18 71 61 79 61 21 11 17 83 23 55 30 38 34 17 58 52 57 96 44 75 50 51 40 10 76 76 
49 66 64 27 0 88 58 66 13 80 76 76 88 88 92 19 11 37 62 76 75 60 20 96 19 44 27 61 43 15 4 55 38 51 22 9 17 16 66 87 30 8 76 51 7 14 71 30 91 99 50 15 98 43 55 14 3 43 51 21 61 76 59 5 94 10 51 18 3 24 39 98 39 76 91 37 34 13 85 2 68 32 18 21 7 47 90 83 14 35 63 28 73 14 77 2 92 47 25 62 
13 68 20 58 39 21 34 46 64 78 91 9 37 44 38 42 62 1 64 96 4 29 54 72 53 61 67 68 45 71 66 96 70 93 36 8 52 40 10 48 32 73 91 15 2 82 46 88 70 39 69 77 92 27 35 25 11 76 55 20 65 24 33 13 100 40 95 38 72 61 2 29 3 56 39 83 0 4 12 81 12 100 99 4 61 27 94 64 68 65 8 4 61 59 26 32 5 21 80 1 
3 28 14 55 55 8 76 57 83 99 15 89 87 56 12 32 91 41 15 12 36 10 99 88 65 11 54 89 41 30 31 89 84 24 6 48 74 82 12 58 98 58 94 84 71 20 19 23 21 15 12 64 81 90 12 27 60 14 94 23 12 8 68 85 98 99 45 48 46 40 20 92 100 42 87 3 65 41 78 13 66 4 97 62 94 99 15 59 57 0 8 44 98 67 41 58 18 24 35 32 
7 27 48 78 32 51 31 55 65 18 85 1 0 5 12 76 94 42 70 16 26 67 67 84 44 41 66 98 31 48 74 29 92 56 25 24 52 9 21 66 0 50 70 37 45 21 79 52 84 23 26 18 49 47 48 22 73 100 95 65 81 13 100 68 58 42 99 70 56 88 15 87 100 36 3 2 94 42 25 31 58 43 76 23 20 95 62 85 49 37 44 74 81 98 49 83 34 37 23 100 
34 75 80 68 27 35 70 60 2 31 59 92 67 44 45 29 67 50 79 52 53 56 55 47 79 30 48 15 36 85 92 78 61 86 3 76 56 92 95 72 93 93 100 28 92 1 8 26 19 31 53 49 18 19 43 32 96 44 26 50 36 3 21 6 3 26 45 24 80 6 27 21 43 20 75 46 52 2 6 48 51 34 67 65 5 47 74 44 69 13 15 74 16 92 34 2 73 51 91 35 
41 38 7 32 6 49 7 89 12 85 35 55 100 4 18 62 72 77 26 29 17 90 16 84 47 13 85 29 13 59 35 40 0 53 3 30 43 33 8 79 11 66 73 51 84 12 20 78 6 20 85 94 70 66 5 76 94 99 89 22 70 56 92 0 84 36 38 51 28 59 79 44 29 93 35 27 48 78 48 43 94 60 56 73 45 60 41 27 82 90 92 79 91 71 8 38 49 73 17 73 
13 73 69 54 19 99 89 21 64 12 71 29 20 67 49 60 45 43 100 46 75 62 98 65 90 43 97 46 4 82 89 82 70 0 80 17 3 17 99 24 69 14 89 51 18 43 33 39 21 7 71 0 70 5 55 60 98 67 80 98 65 7 26 53 38 25 10 84 91 83 17 53 37 96 94 15 74 85 45 15 1 85 56 90 50 26 96 75 48 93 86 81 0 1 25 1 6 47 11 54 
98 28 96 9 93 41 49 68 47 67 91 75 28 56 0 1 75 43 23 4 54 60 99 94 68 64 89 27 20 84 51 13 30 41 4 48 78 42 28 66 0 43 53 85 3 35 58 44 92 51 86 65 24 12 85 94 42 9 53 11 80 19 87 56 58 38 74 15 27 17 11 50 79 80 72 18 7 85 58 27 96 61 63 5 4 72 55 81 41 95 85 22 9 81 93 74 0 77 4 15 
0 80 83 25 10 88 50 17 79 77 51 13 96 71 8 69 86 91 72 65 55 60 0 16 0 42 14 74 53 97 46 4 55 39 6 94 73 60 64 12 29 76 31 91 21 74 48 18 33 81 80 6 1 75 54 99 79 23 38 47 40 66 67 20 64 88 60 79 43 2 97 41 30 27 86 39 75 44 17 77 35 100 69 0 28 20 95 99 73 45 56 98 37 4 44 21 60 31 54 61 
72 62 40 34 70 42 42 69 98 45 39 19 40 1 0 49 90 35 96 7 91 90 93 52 2 85 49 98 34 77 95 68 37 13 36 53 55 68 37 12 33 52 87 15 44 46 89 59 33 31 74 76 76 14 68 63 28 70 92 33 16 54 93 74 84 80 99 34 10 10 16 1 68 87 67 85 94 9 62 60 74 80 28 33 33 44 3 38 0 40 39 15 57 72 82 98 21 100 94 48 
88 28 34 36 79 23 65 25 54 4 80 48 5 41 25 64 59 91 90 23 18 34 13 30 46 97 55 90 68 29 81 61 38 32 39 5 65 60 58 5 27 36 31 1 0 56 43 48 75 53 67 36 76 2 15 26 80 53 30 4 99 72 95 31 86 98 18 50 6 4 82 69 10 34 78 29 9 71 45 37 74 22 95 79 55 3 7 46 54 12 65 90 34 14 73 50 39 5 30 44 
42 90 13 68 32 36 86 88 74 64 3 30 56 67 25 65 50 48 57 67 37 94 92 71 35 10 3 21 12 18 96 1 28 99 43 0 89 5 77 63 91 38 63 94 75 39 79 66 87 35 34 58 88 61 83 9 3 79 5 79 20 70 30 57 58 15 88 29 20 33 23 50 73 13 89 43 31 53 87 73 3 8 95 23 77 37 46 38 58 49 46 53 73 83 67 4 13 75 75 85 
94 10 31 58 9 13 17 29 42 57 80 82 80 89 35 12 20 8 1 75 53 67 57 67 85 2 31 43 44 81 86 96 50 96 79 77 22 25 88 67 75 47 86 63 80 44 75 42 39 38 68 48 75 14 80 73 55 12 62 0 92 74 81 64 47 59 34 37 23 33 21 83 71 62 67 93 65 15 66 25 26 67 62 37 70 73 20 100 91 31 86 81 47 82 26 49 77 56 59 93 
