36263
3109
35244
38685
57775
63970
6954
63634
53439
26
30252
67373
42750
67957
63634
44815
8816
62148
9047
29733
11052
22999
10355
62590
42294
51752
43329
51814
25506
60816
69477
20250
32177
67821
21536
44788
33621
24089
18849
7445
17424
57807
42338
45622
10078
24165
27280
55252
14940
4883
19727
25220
53381
12203
27708
63921
64354
52059
33402
5287
32202
57319
11194
66025
64064
47378
22166
3459
56346
61418
13356
15310
48323
11491
32127
38885
52203
63678
12154
63476
47566
49480
7009
61
28347
5712
61486
67460
4253
18789
25598
4826
44716
42180
28211
12131
66724
44500
64147
30929
16078
31716
32210
11540
44099
22716
60949
51533
56564
13389
13512
45553
38470
42634
35124
53085
45725
16528
47428
57580
53470
38961
66742
39868
8005
36968
15879
42813
50366
35248
19552
66992
57474
25385
38035
40112
30503
23076
7217
35984
20118
59071
41675
24902
36594
67385
45170
35864
14450
39463
3246
67106
23136
58949
50349
36298
52311
10143
3220
18115
68929
39805
45967
29775
43802
2398
35374
18798
15529
23053
38290
15886
50843
32619
63829
14414
57424
43940
45242
46449
56279
12785
13830
49596
34523
10698
5975
27599
21090
10162
33330
40429
48244
36109
25973
50721
25845
19827
58737
36143
9643
24064
46334
21617
5460
19531
35963
58727
36735
26230
18301
29764
38209
12599
62015
4362
3105
36676
55393
65194
1064
60269
29508
56261
13015
36759
7911
7952
46422
59694
3824
35264
27156
47070
23097
57014
11593
44293
44392
53057
25849
65183
66629
68908
6861
37698
53293
51847
30175
59074
3543
55773
66241
2450
28527
24773
67508
13536
30949
4818
56207
30944
47693
50501
6685
65208
58438
9295
34536
26159
30020
6697
23351
5737
28057
26552
62252
57079
21362
41024
36176
69014
34247
29432
24380
13087
48930
18863
5144
50339
20564
51840
45096
67104
66128
19291
66260
64566
33380
40710
9935
15307
22616
50218
54935
65832
46432
31054
14050
13864
39194
35709
10810
42457
62073
31474
55335
37872
55759
19354
1231
68463
19834
37064
22065
52885
63471
52832
43455
62140
26159
649
31503
10132
57057
25011
65722
3633
25549
32102
53023
42686
59138
52338
45913
45932
4084
19652
37145
8016
38088
14830
24969
68203
14850
37312
67464
31331
49173
1477
46781
8006
12978
36238
60984
66705
46839
22737
23563
17788
33310
65154
39259
34332
48694
13218
36264
16934
60070
43948
34735
51785
32286
32338
10988
66739
16281
29078
34105
27029
31781
66312
36700
8526
10698
22646
40015
53641
6448
59062
60279
14355
31317
9551
368
5673
4030
45298
68729
18909
45237
39538
15172
64267
42155
44734
2939
14384
9747
53781
26399
17870
19585
51971
18467
46872
56303
66431
14689
58870
19237
65472
17569
3129
55927
36888
66250
11957
64435
31723
28930
25973
35201
26743
4802
43540
45876
6399
13479
10224
26416
41570
46072
65432
54720
42419
36357
2254
3581
62010
46252
67825
63479
6413
36831
43145
20915
44850
19056
2762
35020
52590
51410
41993
33069
23826
56580
50483
45987
36921
7270
12208
24916
24671
290
61491
53912
24256
12376
37384
27887
64030
8663
41534
61137
64975
42844
67687
59407
52333
8050
880
2314
28847
21608
29145
1257
56638
7708
10062
53097
61161
51435
58069
5417
68499
40611
9594
10528
15685
53412
17786
43902
56529
56481
47961
66633
66012
64552
51544
6442
11723
23755
247
21011
36623
10325
45292
68573
11334
5521
19867
63122
66916
6521
33790
66348
60661
22716
68275
49490
22689
19956
30954
38983
45848
33589
8918
62123
44121
7356
34963
63902
1118
60504
57129
12036
56168
7165
60300
48633
24358
57364
43496
20861
62649
56816
35131
66886
69457
45051
11392
18712
7776
35457
14522
55477
44791
53991
66530
45778
33695
7764
56650
14863
35850
61767
44420
34441
10863
65879
51506
46248
49400
45672
46470
7081
16849
59625
22395
49979
16535
20320
39246
41761
808
23400
10197
54268
46822
8284
42105
44785
4568
777
58328
41226
47234
24402
63118
33246
21819
30438
4192
66511
34959
21250
47404
55639
29765
40153
14832
28370
28252
16267
52447
68538
41394
44340
38292
8267
45359
1466
29084
4640
60126
21635
2518
11180
1380
53811
34496
66597
34729
28331
40920
33545
67430
7762
66561
35706
37293
44144
9368
1739
6292
18196
12302
50270
30848
6999
49665
47411
14479
21859
44792
58977
54725
38370
7999
46091
13838
24631
47319
2264
39019
8708
7639
21427
43265
15486
37796
24918
15347
42000
66805
28787
33597
37135
65661
13947
1897
13990
50692
12398
42553
64250
37255
26577
52075
57424
49711
44125
21090
29614
35440
60862
50064
40294
37026
28358
33765
49409
27349
56998
67470
65337
3477
57159
9199
45551
61637
49490
53728
23356
11049
13083
67271
19942
63055
63941
634
49530
60169
35131
51411
43034
64750
3849
1942
43386
4924
39718
32501
26984
66631
31695
43760
28880
68540
37118
20629
17892
54682
29383
59640
10610
44683
16353
16620
26559
15561
25443
41234
16479
10093
1829
64865
533
24684
93
47353
38949
54919
58177
57726
4488
19449
21838
27467
7451
3721
50368
11741
38291
45407
14598
50679
23187
61434
41952
12901
63958
58678
24072
62541
15907
53975
50143
58198
37465
64696
21700
44473
48697
68840
19709
26736
51365
7708
41007
58977
3908
56455
53545
8089
62344
51660
68613
13472
56658
14873
30729
3189
5171
68789
35844
24890
28366
4651
30686
31591
29585
69181
66127
45357
31302
24663
68320
16856
33701
59651
39208
66042
37441
44020
27148
6199
58518
65703
8930
9143
8753
27882
22068
26416
5514
61804
63980
27051
49468
18380
12826
17745
51661
59878
65675
48888
58307
20086
13743
7188
45324
34011
15780
17940
67563
2567
11671
59227
56363
2269
64810
32003
17731
52748
30272
51827
22863
64808
16553
1614
45122
58325
59838
10327
29850
16151
11489
47428
38179
30475
8325
49464
61665
33829
62237
10006
38182
44913
55396
7401
57756
64432
35833
28069
67921
61495
62820
12118
8601
4147
56528
19931
32023
64015
16732
46196
39220
59551
33852
66034
19656
37299
38767
7019
26509
19250
51965
26470
24320
28328
65546
16182
14724
25384
51409
64088
31
47480
22615
23914
33118
9304
42986
44563
30343
52168
56828
22144
12479
18241
31630
18986
5347
45239
68239
16439
34601
13358
28452
43922
38902
65888
15781
53544
37824
67420
40946
6413
3093
25641
30329
51442
44128
2378
49385
58659
28046
17764
29271
9067
7514
57968
47081
67042
13306
40169
55475
17318
16021
254
48225
21389
63413
48298
13589
9164
5168
21951
12541
40604
8539
38703
45661
58442
53502
27818
56686
57554
48657
9933
22939
36695
37183
8419
14113
63882
11979
23421
21978
52020
6383
62258
37969
29158
15069
18386
28928
35120
10714
57002
6432
22293
8064
29938
25148
39583
22367
52728
8574
23179
20261
38835
21537
52081
33513
35104
54786
10307
36309
66398
4304
46878
67395
14567
55694
39079
48602
46860
63331
38831
40671
8821
24480
68375
17009
28284
67430
53505
56234
69186
13151
13621
52717
3606
52542
38164
61924
58477
23038
15064
7163
63915
60221
61426
25634
22110
47331
7752
26681
53010
22553
50785
21314
63516
4423
30229
15904
11877
36652
349
35831
62781
54159
54006
51159
14204
29703
45736
6717
44785
59595
33689
2375
18958
41754
18975
47919
51401
25967
2688
5070
31351
48117
16496
30477
15183
46945
17228
28233
32739
32428
48468
58509
43795
23208
53811
10920
9413
19869
30342
69494
51997
60454
39933
55995
66743
24871
51201
12644
23689
58077
63906
14360
69486
55453
31640
53161
31497
63755
66298
55841
64305
28413
13972
17063
40136
53593
59671
61051
66564
2231
57752
16073
58078
47159
43744
840
25774
20782
58523
1046
46652
66550
52860
19292
3293
65344
63437
65637
20682
14972
57487
2896
58824
18948
24635
44764
60868
28190
9463
27316
11849
35802
28410
48188
35739
63957
28066
12973
10126
24532
28974
38795
65954
30923
60803
35823
18485
46522
39264
56881
31979
39248
47648
42998
17558
6601
16213
49429
39430
36757
25202
69100
23496
2316
30893
1275
54093
26197
34354
37101
4771
43420
23202
4998
49234
35838
862
39709
13728
51436
15061
11057
3361
52094
47589
7480
55591
33395
960
11179
4938
8992
13251
24000
64020
38469
38085
28331
35050
65886
51887
15976
19606
45763
8038
12147
51837
52260
12110
38657
35759
12978
22141
63521
19309
4629
53856
41558
13745
6720
29992
32477
17398
28717
20780
61917
22978
811
40195
13388
32165
60439
39454
48607
35487
46857
54109
53978
51116
22879
54723
16340
46614
61443
52535
62755
4780
26311
30462
26317
9671
64812
5781
19250
37018
57612
23718
28350
57423
41548
43269
6764
21962
22673
20842
24122
34149
1842
40174
14383
62876
44031
34569
67789
53991
55704
20707
4255
59924
6549
53944
30944
52322
28479
1602
58900
51419
1128
48349
59711
10412
43714
6080
5161
25041
15241
52442
16971
14860
17541
67871
3734
57938
35100
47702
38633
35058
54723
48163
55266
59859
42436
51994
291
7670
42277
19789
54662
35869
51355
9584
14715
24700
35624
55308
36258
28805
68367
32697
33336
47737
31025
8474
46496
52134
12213
30974
60871
20645
1652
40616
51361
23251
68856
59466
417
24766
57604
35392
49577
37270
61972
14436
28966
62885
46245
37608
31562
52857
27936
17108
8610
4814
42276
60203
6658
66288
68498
10143
59632
38226
54507
1545
60483
7831
66781
37160
26442
61391
12275
43741
47792
13680
47651
22270
11788
62928
4223
664
29992
32534
41417
25691
3309
8458
48034
22795
34345
59159
28390
22099
43181
17063
56461
18336
57722
47782
43044
14368
7361
38292
47385
11060
45508
33117
5439
65148
27006
26758
52881
55780
45431
5073
39573
23952
52013
48296
63510
23230
62215
69061
19402
3672
66085
48563
44784
42477
50906
43007
703
4488
10920
32883
19305
49100
47950
2514
10439
46830
13365
1204
36863
19931
22147
13909
51057
46792
16542
54199
36078
3022
61494
40428
19312
64606
55003
54234
60132
9320
23103
64600
11281
38060
53938
2662
58542
3850
51745
52656
11758
9597
14193
56123
14205
67369
22487
42525
33738
22700
27406
16540
16692
25719
47967
8271
49994
9010
35432
10219
11171
49385
28122
48956
20864
26127
802
35979
52871
18501
57953
42280
36183
26386
57621
60037
47332
2337
64201
20000
27542
8274
1707
7136
40140
50022
12301
41375
3110
41981
65878
40409
18197
4858
25234
33209
19894
86
65054
57930
52462
57111
29698
67426
24878
16989
48276
36145
58629
10735
40029
58518
58619
38204
23650
9493
5621
2946
56103
62392
17105
45331
19862
49880
6053
47825
8605
2329
44531
14869
61144
61501
24712
15535
62410
65898
62323
36941
14641
57409
13378
22452
42029
17297
17135
15667
36602
55005
42129
27509
68960
26854
14384
9434
7047
12443
11095
60224
36962
67247
2768
14801
5254
37058
10086
17830
11352
17065
39420
61508
4482
40170
66029
29111
26704
41399
40985
24710
52727
61553
19455
9775
19816
67168
7507
33504
37126
45116
44266
59150
25221
9754
11998
40484
38362
10064
9968
25211
13287
35332
52834
31899
44939
549
4706
14410
51747
3618
52171
68725
69441
29617
8028
67498
67839
47733
20808
4284
29525
69068
65774
38837
67438
19105
15507
64862
40887
7886
36815
16673
16107
36933
29295
19233
27779
126
49235
55300
62324
1670
11913
4910
42605
50081
41317
5120
9019
25230
31673
9673
6845
57092
730
24288
62153
24278
30296
38659
53052
54049
58185
62418
32391
45412
41861
43846
32325
25268
47486
29805
33584
37699
64324
47879
68918
65424
32255
38854
36458
51909
53212
36301
43437
27493
3413
550
14688
64733
25765
23094
47542
64646
3301
59016
45576
36217
2172
38546
40832
62521
16369
3716
3473
36238
50847
39969
23139
59511
26722
13985
21657
23560
1394
10925
8433
36331
69494
59059
66446
2465
61109
58067
14906
53752
36098
15216
14593
63606
45686
60089
5206
62802
3645
68091
16688
56131
11352
6279
27387
1368
26930
48354
51507
64480
2007
56504
21397
67093
32901
16188
9758
28803
66829
2251
23807
24493
37663
56471
47870
45997
3972
37606
33199
49130
35224
21899
69483
64662
48959
20083
22733
399
26141
19809
45781
48314
26754
38552
53079
28763
45110
60750
32050
57682
33046
68461
51554
35511
64818
60915
47660
7085
62909
61654
29056
7825
62461
60166
12414
528
14215
30062
35665
7669
54322
14303
56466
430
1851
11687
60661
25030
37541
16620
68107
15357
5906
31166
7630
42979
65053
65674
63980
26546
48500
8959
1612
50974
35567
43736
19712
7796
37527
57321
46765
53650
7544
62297
55379
41843
32832
31796
9856
10464
30719
20665
8353
38499
20231
2383
8103
42187
8881
8860
9523
19557
952
58537
19350
22728
34817
28748
1999
2337
1712
31413
52944
7099
4248
17702
60463
47756
45655
46866
47251
43078
6995
20745
43933
40650
16952
25014
65706
34866
13019
47173
28557
643
68023
33969
63350
47564
64586
49505
5521
46915
42141
35234
9573
51370
62619
41659
17783
10388
59042
35454
52574
65037
26633
1625
51659
61443
24658
9080
53906
30268
30313
55845
16711
62380
67667
31572
8489
64788
1786
66079
17112
8519
50293
42583
44223
50958
49075
9313
60734
53879
67764
20779
17530
37087
63654
42467
64129
50907
8832
24746
57143
32283
3115
16389
32510
30553
43175
61646
44030
7319
67414
21416
19845
50824
36896
22336
62647
65951
59713
22796
17019
3807
17233
52459
3494
3723
45022
35453
64015
29066
31243
24094
46552
22093
51618
59536
47783
51534
5429
19441
23979
4094
5638
817
14281
9747
17874
43821
7040
68061
52584
16524
32862
48436
60091
42018
9218
39713
529
47304
42109
40632
55252
29739
61742
17383
53261
54898
45226
64900
35492
13680
29073
32091
32212
30193
7610
57162
67119
1789
53859
9218
31176
38822
25697
59212
4705
3358
9742
47788
33927
14988
34152
29745
14486
7887
29201
34956
54017
18760
4129
27033
46252
46492
64954
50068
7052
31111
42236
29400
55273
67666
27783
9843
25151
47150
57938
57827
55308
22960
55521
10651
22021
14265
3524
59945
30456
45022
34469
3401
27021
42458
41051
63284
18717
48196
44731
62803
67650
31487
27934
15609
2619
8150
45305
46035
41408
12794
15162
20451
68966
60704
38084
68362
61779
4321
18586
5274
25664
17485
46535
6204
57847
68317
40218
39814
23253
44117
28999
25981
53909
22996
19242
17350
49882
25181
17729
65994
16607
18404
8529
5710
53222
19722
21222
26029
63474
4457
55804
38567
6731
5850
3358
67850
6647
18535
38866
25673
32866
50911
53398
44929
21771
14824
64612
43867
36764
27120
63832
63776
39965
56797
45598
67411
60596
4159
33490
20408
21712
19465
12378
49672
14121
39864
38471
22249
57500
64583
28651
54254
65062
34138
7012
27044
11070
66842
31596
18097
65757
3138
56844
13076
69273
57941
56524
48703
4254
47506
43435
61441
2449
60480
62999
29368
49028
53769
66554
67999
69434
47437
4626
63766
11772
69197
51314
69490
58260
1050
37661
31876
4335
62766
642
24045
63573
35525
22555
53663
48411
34668
11988
66898
51072
9698
47275
64824
65713
9446
66285
28766
26888
9908
20147
11283
31248
54612
21042
59366
36487
60290
21275
26324
43678
2788
51352
40965
27579
18025
11042
18834
63665
39816
2200
8064
25733
13869
19627
12953
64397
50487
6721
69447
18353
44121
20069
55129
24538
18437
63617
55888
15726
16556
7124
34238
36889
65232
41305
37483
21993
40976
3934
64169
17746
14923
43413
64041
67288
58903
15031
2700
3194
56090
54072
30259
43563
565
958
23790
67372
39193
63011
15911
67167
32001
35251
61374
60327
13969
15497
46279
48111
54671
68509
58341
37301
64350
30635
67243
35144
57836
28144
48121
37872
20370
32895
63131
21206
67388
21358
48367
12593
30447
19975
63624
53389
64326
42920
58400
14804
28313
23417
449
44336
57609
46944
62926
17873
37964
42885
10657
64954
5516
24475
2578
59542
60865
26490
19953
51752
25849
58299
44113
3267
30149
47322
29533
69123
25422
43224
28976
25229
59018
36604
50794
20747
6539
19580
47419
13565
65240
45021
30801
51588
51568
33230
18277
26518
63480
12836
21246
56323
21848
21886
64597
672
13621
31576
2675
68696
36865
11962
8806
39490
52299
4065
2109
41950
25753
59923
6118
18787
19162
33907
34315
35058
21545
33342
22221
14029
10198
35109
39396
954
55807
8212
16920
35796
25353
37452
32507
47359
42229
20216
67023
52074
52921
26377
1551
51797
44010
6673
5064
26585
35758
