63027
41207
14876
28328
25975
30877
10945
35190
17964
36926
36294
57589
62097
44096
32579
49201
59148
7358
58666
22372
27192
53838
22278
9512
65621
9985
10479
758
8326
34386
3387
785
3647
61356
9330
53570
33204
41901
59981
37782
21604
43189
42773
28013
69300
21353
49556
59295
31246
6070
51770
27408
6804
2727
4085
27784
61762
21986
54075
14862
53509
29237
3102
25987
44429
68128
69456
28621
20812
42578
64108
19303
7507
22372
11046
59106
26707
41098
24892
67141
28441
52238
53863
59123
27858
12760
33550
27221
48287
34824
41440
55673
15611
63895
11777
54565
6387
60842
38470
9575
66388
21147
36556
5445
47174
23506
6119
54676
32388
37610
43906
32114
3794
19970
39609
22722
10518
62640
69486
44608
39585
62403
23584
5360
56205
61390
43978
14518
51786
61326
32390
31636
14156
42155
54129
53219
57809
50762
59668
313
43784
37597
64077
3027
16303
28314
30679
1055
4172
52121
40880
5863
47072
26477
18077
8167
6353
54460
37564
46160
14234
58945
59492
42641
44734
13582
30791
29543
60176
56404
41094
26658
39815
64093
52385
56017
35901
18303
26046
5619
17078
8428
60919
66258
55019
5776
19561
17402
50340
53971
18593
33218
34031
36449
51369
15806
4121
25076
37823
29976
31116
13348
59079
55892
26981
17363
20155
31734
38306
28377
66401
43564
39894
26870
37249
14523
27577
30859
60591
11171
19130
38420
15319
17837
67570
53107
57549
26796
42925
45727
60422
6815
22513
50974
68683
66204
39230
49573
3963
52009
29003
30429
15691
58551
56836
39028
64494
9361
54059
60608
6748
23146
69465
42167
51115
4095
50750
34819
25311
23445
19681
24963
17798
26878
30696
9182
19298
28461
23636
50248
25876
10762
45629
60860
33887
49861
49167
53860
36859
17419
35670
64832
29988
49765
30583
38611
64854
45500
22239
31877
33134
49916
14138
30829
18777
30086
19309
1563
53975
22417
64817
47806
26710
67587
12576
478
23466
67104
23953
22934
879
18020
7536
3805
36559
11981
67504
44051
57837
5987
57886
11324
31730
9266
63060
22843
56311
16421
25269
43825
60903
43578
19662
42758
59914
67899
45410
18966
44245
7214
55526
52147
18592
31161
2254
50811
47981
26821
20426
47600
44959
34170
39472
17921
5664
707
65045
18520
65939
42449
45394
31735
62580
31810
45423
40668
28544
8280
59408
35168
32064
65316
29606
56863
58913
55260
61502
46282
1273
53532
36603
33905
25018
51037
57471
56753
35890
52210
59808
40864
46140
29936
32471
54939
23381
52426
30993
30370
27087
29567
21937
11144
67095
46779
34069
33960
69324
18919
800
49390
6318
42790
62475
29507
28762
22272
23126
4393
67914
59597
57198
27062
52558
36349
64952
13487
21472
6644
47533
33323
26374
42522
44780
36024
67685
46764
23151
68610
36580
57957
34695
31738
39227
31671
347
39335
23667
36429
7384
404
44013
22015
38603
23344
7253
31699
21406
54263
58841
23072
31243
18662
47272
28941
24155
47423
30615
12195
65292
5783
57842
34745
17484
30851
58953
4069
62235
8294
2072
68014
67583
63269
6217
53611
22701
13703
42949
9311
57069
37747
50214
38265
57942
39213
26832
48758
1483
48870
30558
60951
47280
7471
39506
24686
37891
19273
56891
31998
24388
33175
30535
2202
52031
16733
55004
69338
30293
66928
32288
41973
1960
38117
7778
49936
27385
23405
7689
45856
30324
8478
15577
8652
20872
31286
9598
54696
22277
19385
35657
51815
22174
15058
2568
3272
10317
11916
68095
585
32164
37893
18754
15276
25159
58340
37881
50483
65119
5838
57762
26246
63698
68160
46674
28506
54597
51610
23451
45400
28389
28586
49172
478
31297
66940
64567
16193
2236
61763
10393
62137
55598
15632
64097
40606
23995
25069
60936
20391
47500
35283
32722
6716
62456
62573
51705
36708
39878
59039
5512
4732
3757
24356
9244
67465
25164
35340
33947
32104
36323
59003
47971
15655
36238
21
53057
46893
13850
40319
24453
64260
40024
49451
38829
47048
67810
55029
28706
10988
30072
69179
57633
58019
329
52367
27415
32034
11473
45109
28758
28231
9194
55897
22029
4886
13034
32381
49576
17373
1188
58003
30609
46422
31364
14051
3317
36302
48732
57557
35537
64530
22289
11067
60476
42759
56384
27955
22652
60306
48638
28168
63906
52720
24559
5486
44526
59466
40500
15306
37670
23788
43889
11164
63208
40333
68022
48993
47967
15484
14501
7224
24028
65561
56844
30529
24625
61935
7354
16249
58015
66223
57277
40671
59835
10813
55630
45752
20215
39583
45036
35878
16732
14543
21820
34491
39161
687
14214
47171
12667
27145
31866
16359
43831
26397
67666
56876
4523
55118
15725
41301
21640
26558
32072
55634
25677
3022
66140
52678
9984
60595
38917
43913
64981
22807
1409
29270
48987
1818
61214
19286
65462
23398
16000
3286
1520
30351
62929
50813
60127
10711
30200
31356
60296
43189
22200
52524
8854
14667
29521
52521
51249
15686
11951
40114
29321
7516
7364
44077
30640
33849
42709
30771
2254
53156
25888
52236
35116
10965
3867
44123
17708
60346
31196
20035
56307
4918
33278
14440
7318
30547
19482
25456
7662
2381
23869
38855
38810
51582
23654
37002
54404
57604
20785
66610
65066
23962
52502
53391
36890
33287
29235
69252
17289
7534
43359
10839
34122
20248
3085
56313
54264
19241
67824
59894
32962
57059
19215
667
13552
60010
30436
8328
57936
42210
7935
29772
20099
33882
6955
18890
42245
60577
42048
13015
42833
44387
1838
52852
60736
13987
33900
57998
14209
35578
20297
2135
50852
48196
58553
42059
2227
445
48957
35666
13830
23000
47660
16830
22918
44378
47719
36841
20838
1442
67339
50930
49195
50362
16097
40364
38835
35422
15099
32290
69047
31048
40478
6079
53789
31035
21894
21778
68188
64621
18632
34279
4205
7902
11301
31976
58414
45845
55576
9648
45129
35365
45218
64743
18102
29829
50985
43332
51799
17407
52548
38736
48910
59550
67874
21460
16374
54277
1676
44055
26754
11155
45737
54888
40503
14781
54770
30710
30456
49190
5377
47464
1168
35825
67429
13946
69312
50880
43066
49265
52461
39754
2386
26097
15007
114
1304
10916
46040
60132
37526
51152
23291
45951
66714
66774
12485
61238
45888
38422
21581
40505
32783
39807
49571
55845
37610
54156
9521
33116
61484
28110
43088
10919
54324
64579
31507
15755
28724
43610
17274
55170
12409
20957
28900
38422
10383
27891
37084
42700
26513
57973
40768
32432
36199
62361
9324
34891
10462
38135
8671
31401
5397
52237
69134
58469
5841
30770
31413
17079
68248
4545
15299
44822
49185
51237
22634
50889
41166
8812
47574
49616
65593
44720
34827
38981
2418
5467
17658
48326
34218
4744
58657
22003
44768
48638
49877
27348
15561
52025
64249
24526
51573
69470
65270
60917
32563
36856
66269
20494
25260
64774
18682
28156
4245
32506
60645
23433
34217
32353
44037
47053
57966
21539
13151
65315
65219
49306
35559
33655
12401
15135
1700
65156
35736
39190
30700
56368
9538
32729
63458
258
56092
34456
48521
22986
16392
31820
32663
4121
40028
54051
859
48096
50299
9882
430
5913
20074
68822
10853
54807
18055
63977
15901
22370
58349
27975
20147
8709
41029
62854
36840
46656
25156
42453
11471
39348
4533
42035
14023
4079
9649
56569
14950
12337
52586
5590
63596
8388
25112
36205
63393
21359
28137
11970
26060
21070
37100
61290
39559
28319
51220
11572
4122
4241
18663
54216
3677
67291
1929
48107
36443
31218
27828
37722
62491
3988
8068
42366
44671
23533
22268
46487
45814
60358
23886
60625
65773
30216
67492
52770
3809
56573
26647
5552
48455
552
54468
56539
35878
1232
60625
51577
66076
4621
13264
58654
37808
66929
28208
42577
3754
37511
40336
36720
5116
42777
52830
50690
29151
9541
28188
50684
35132
11550
13114
57455
40580
55309
29713
62455
29825
50535
47889
12766
45256
33005
18209
1398
5115
51904
15385
59050
54613
14349
60747
7077
41648
16925
37102
5393
16003
40025
36536
58431
33781
65706
33061
39467
22489
35333
3608
19048
30654
41663
18041
32681
49083
51632
32018
2127
48311
53357
41966
25603
34959
25688
8095
33259
43854
35933
67829
4165
24163
64802
63225
24902
14781
52201
52525
13801
67135
26258
40899
52378
15232
43896
62637
50151
62216
7475
19883
13142
546
14195
2873
50010
2949
14459
32257
17015
28263
52438
43131
59046
31416
9919
28669
25892
54203
46892
61681
5337
52194
20897
54107
38930
18920
14285
23063
2230
21264
24743
20071
39750
32045
52007
37226
39890
12484
1888
68043
15420
52673
34109
58287
43445
34725
33570
30902
62615
60430
40132
37864
6172
10185
38650
66650
33849
36276
55347
19742
20321
19970
35795
33385
18287
6416
16768
17582
32341
45551
2379
8776
46100
21821
7241
55262
16772
62
60401
35789
42063
39581
8629
31769
55918
19153
2357
50525
20270
20804
4008
30823
55436
37234
39942
63636
63910
52243
41823
55657
64671
35406
43109
51170
7193
56933
16137
47145
29204
26601
16774
31824
39904
64750
8175
49840
13783
51942
59823
4081
69535
59281
41520
5770
39984
39375
34752
64216
1912
47499
40900
23219
8414
6310
28076
58668
15480
14916
10435
65871
59170
58939
3638
31012
47799
51787
29065
23523
23402
35367
65360
27363
12338
52551
911
43602
34633
12802
67572
42193
44618
60273
34218
12889
12005
28620
1575
53268
17434
47583
8565
58306
33168
9387
37300
4473
20649
15585
19992
58166
62624
44443
32919
22041
1503
38662
62579
8383
29557
41359
31546
2011
62113
20544
23439
46831
12061
35867
50142
58418
68301
41190
38321
12159
56799
3372
3541
23851
30041
59376
22527
10359
31225
27426
26883
29300
20867
16049
31417
56390
3545
49236
56803
672
22180
39626
4064
27846
52555
50019
27788
49733
43149
57366
48099
14736
55448
257
20816
10120
45289
12752
26423
26402
9077
64125
68707
18646
18453
55789
33561
41086
21337
6590
33965
41955
9068
18439
62299
10330
12514
974
18722
8231
37944
47529
38235
2912
1077
56161
47199
62728
19493
18448
14720
55559
27794
1173
4846
43497
55457
15697
55741
67921
846
53305
31500
3091
46641
44344
39990
66388
68726
53442
26865
23362
1596
54167
53091
11981
68554
55649
1109
51026
58906
7327
5477
66415
37039
9483
11564
53197
33328
44076
17552
48114
28862
20574
8342
6554
38175
68950
52334
57745
38159
35552
8772
44545
46191
56913
50924
16325
15127
21278
28707
7286
5702
28975
49082
9115
44204
49222
28469
61032
58250
54419
32703
48780
675
57941
17999
8954
52536
45745
29632
53494
18438
31521
43256
54541
69112
47396
43476
13846
19885
5410
23670
29708
21798
58199
60409
11232
55858
32869
66620
3094
57897
50940
5604
13179
21779
56168
56902
10300
45096
34245
20011
47019
25597
58546
15022
42046
21186
54535
54274
24831
63910
45182
23389
30122
69374
28420
19277
37186
38829
26137
19599
21899
13068
19342
52178
43102
9693
48610
17419
55198
50779
31863
41978
46826
34348
66861
46392
32096
1930
63887
3666
60722
35034
34559
16060
63339
54400
4765
27215
12639
30597
15912
51195
994
40614
61442
50080
6828
30861
43411
6262
27681
14363
49551
20351
740
60662
44499
20392
46893
48732
38560
35514
20088
42299
43589
50795
15206
67392
17593
40581
65955
24889
47566
49128
61434
25977
66619
10557
64340
56760
34672
1612
61255
16814
27754
61204
69504
51395
59772
22681
3223
43130
35133
30610
28037
16191
14539
53881
10870
55772
35268
15071
24706
40297
16265
15253
36880
15855
12259
18855
57138
11256
41472
50002
52063
46827
16610
47855
55092
33555
59488
54659
37429
21663
3889
58790
51848
55796
14787
14626
35637
47071
19848
62029
42640
65531
55838
31286
12654
32536
59547
34301
7912
10554
960
30480
57662
63203
10790
12885
47862
67555
37380
66560
29618
47273
53129
17527
23065
30920
61216
57869
8778
35461
13543
68019
30549
42990
55543
65568
10421
29777
30149
38208
59529
63290
66576
27794
39339
48866
49940
13050
39563
40659
7151
60745
14982
3940
30029
28264
7812
44635
53292
7829
51769
53296
65748
68137
3933
28713
45977
69017
23501
46673
31796
8682
19426
21560
5248
62436
11030
6094
40299
68981
24352
38816
2115
9920
30414
46869
29336
8864
64316
28854
67474
37804
23707
5090
20698
61247
10672
56195
66249
31174
31100
22250
37690
43492
53299
2538
19051
65810
13937
11581
17787
48101
42328
66460
12336
19628
17800
68098
58129
46644
23829
49269
30596
62769
49971
23151
16690
51243
29644
46488
32522
63306
61792
24134
36951
44861
17489
64736
2494
60833
46169
9108
10358
58134
26805
32555
61785
6674
12805
36494
13290
7856
67823
30871
7204
38891
38598
46077
1328
39342
43236
39816
21417
14978
39362
12624
67411
58963
2364
65701
56431
48729
58820
58676
42194
64144
9192
42202
2923
41656
19293
59864
38290
2161
30715
23890
46040
16587
51507
41591
34502
23149
20853
36517
61377
16347
65988
44919
44763
35441
29305
22181
24179
20468
25903
39127
45404
1465
5380
37034
16489
20744
17909
24152
56247
11764
60340
12222
55561
38532
7745
61294
10615
8017
8757
35018
12389
15017
22334
23072
23911
43267
49608
46737
16582
15947
48091
56666
14406
16398
13311
69265
9663
1841
49869
13523
23365
5439
45330
46379
50290
14205
44663
46225
46691
62581
57073
8871
19484
23255
5793
31903
48826
66714
10984
47238
34158
10933
50537
9960
34960
53833
19344
15604
7789
15873
40429
68276
52192
33296
49348
61486
48519
64624
22206
28626
9585
29985
6721
60830
11276
48121
2035
61726
46408
24178
35254
12240
65774
31996
38496
1013
41239
59663
41630
31375
49265
68065
49693
21955
69170
8581
11186
15368
9181
2653
8137
53026
45242
42244
3465
67015
38283
8725
66437
44484
16274
23497
46639
4365
23009
67822
65547
20383
26542
21988
42098
28785
34874
13029
44315
48808
65533
67461
58141
10893
62049
8388
27566
43107
26762
21216
32791
23565
28804
26472
3158
40794
66693
34707
12185
35574
21292
12304
31791
56592
28419
55070
68793
48865
43313
62603
17187
23341
50819
25824
20475
39393
715
31655
67881
23163
17256
37761
64539
31210
37843
20657
65596
49300
5211
56933
7715
63091
18202
46698
3020
2343
56212
1366
8081
41036
38806
22228
35805
10529
23199
22199
14498
29356
58564
29111
60709
30430
33734
31743
50000
10308
37549
68167
42292
46453
55394
45231
12073
20807
61437
54044
35858
30005
7485
29642
69178
3503
56588
41389
56324
18949
65287
24013
11627
41062
32771
52630
36583
5876
27565
61757
63516
65497
43618
47243
58671
58288
25481
30564
41371
17824
24824
62738
4458
8639
450
18942
55767
53979
29137
67242
28356
35963
37812
11095
46196
4664
50505
20241
40662
53616
45801
12159
41071
25068
62899
1517
62924
53404
15381
12362
27478
54497
25741
22840
50947
36583
58596
53882
69457
1672
21760
30575
4084
27725
11088
44131
41045
31532
57192
58509
18030
19742
9117
64083
22319
55693
62168
39087
26463
13921
38387
43719
18018
61302
59749
25677
67063
8579
38098
36652
3934
52808
13662
29555
10729
59845
33104
22573
26356
5351
38350
54203
9808
16245
20248
7196
41733
45398
41462
2643
52011
43241
65321
30253
9175
50815
19004
67567
20084
39789
7086
17769
69243
37130
59275
60930
31375
53835
30185
22334
44576
40594
13493
7715
17317
46070
137
46955
46960
14548
1915
21654
26256
33718
67034
37036
56198
36856
6472
8461
15287
64321
25729
34615
19974
14095
56063
42714
48308
32383
40906
24996
1560
59030
15619
44765
13409
13978
42555
24654
59907
42748
39377
32170
31033
31180
33248
28185
53355
56969
5237
50330
4794
3042
64703
18957
17271
33645
6557
47668
1164
5943
63684
52522
42827
67759
18100
52074
48378
45371
26632
40074
15201
16086
38929
36700
11296
5308
23569
42606
12152
4569
8344
28109
47124
22095
20876
21500
53078
65246
68550
28921
44957
58335
45948
29628
34303
66209
34489
61068
65588
8383
51240
32952
35999
37417
68857
69168
4696
21043
60386
29991
58959
31127
45991
21476
49733
57421
6257
56616
35319
15894
31379
50081
67228
14002
30733
33420
31958
39324
55698
28
9216
52000
55810
15098
53445
18200
30178
13224
54389
66215
67553
60134
50888
23669
51139
53116
43358
2124
67339
17183
51729
61868
68882
34961
52732
37893
61562
61540
12801
44113
42235
42119
10576
4100
34742
2274
15572
30317
1148
12376
31013
14741
56414
60096
39382
36224
29801
49947
935
28323
66317
36282
15196
50821
34722
36393
63317
33127
550
28810
41773
65210
57069
29007
6298
17678
7998
64330
713
66179
32754
16461
54352
19356
38997
9336
15495
17824
16338
30385
28933
61272
30224
42871
49657
39776
54121
55801
52098
8719
27770
32259
32272
36925
24703
17443
29384
4904
37977
49538
33982
29092
58177
5865
61290
35395
29395
38780
54340
61341
52249
35458
56662
28312
56625
62704
48060
67820
42955
13072
22372
12960
21670
16047
47967
60749
52593
21629
12968
39503
18711
25680
53199
53959
1179
26516
24960
67148
2698
52940
11681
11651
15922
35631
42090
34477
10106
34477
66175
30519
37193
33777
49675
44577
17831
45646
39850
36249
9444
46949
33001
17986
23716
28216
42962
7337
21287
40847
50260
8694
40469
55054
51249
35778
16945
18
16418
39016
14505
15153
26320
35117
20882
32762
15043
10853
6448
44371
21120
20363
21153
12897
24084
45998
68047
17440
62731
18634
54773
19646
13903
21266
23475
6175
1825
12739
29184
49342
20391
3132
8495
66435
11065
43337
58841
60567
55878
15247
49706
24000
63233
24087
42915
30245
35323
59662
61924
32022
37424
69034
20461
4639
3938
27902
39116
57574
10217
17553
55518
44561
8283
60954
37065
31769
15921
45028
45992
65853
52682
59593
26642
18773
64113
37237
51390
54157
64462
58019
15112
60254
21756
34022
10284
25241
58856
18375
44782
56256
67110
9536
16147
12076
43193
38877
13689
5243
13095
43784
5908
11756
56582
66132
17454
15733
53865
684
42008
47802
20826
33398
4053
49465
34841
17164
57026
30996
46267
30055
41447
23812
67719
81
48487
25900
51379
3865
12523
42289
8803
61994
46775
24978
45425
23661
8992
46216
56981
13090
51891
5671
6002
63079
6404
39081
7798
5707
9477
15754
43406
13724
54327
68858
6510
15262
29013
38518
24676
60565
34166
33409
5594
7951
45797
61474
24848
3679
40946
18915
39738
25423
51562
21202
47629
36981
4230
11001
14573
8169
19075
599
44866
18316
59828
20293
12643
64542
17670
19978
66439
34933
61280
39847
37712
30974
48282
14099
4922
66668
8232
38290
4246
69147
23429
29516
30119
63582
31724
33499
64276
18824
25169
62553
6333
651
11249
758
54686
69187
14183
37387
38412
26835
30559
53249
39880
335
29435
57447
64470
8727
60819
20516
61888
28064
26773
24094
48727
41470
46815
31182
44255
24788
47564
42748
32027
60186
51794
44189
66548
57390
51004
31051
45081
34565
24153
1708
56401
22084
61711
7141
49849
33552
53063
34555
14747
1822
15751
45031
27486
19062
7703
43018
31031
66146
14189
56188
37903
39954
6005
45986
45908
6814
26107
11325
307
24901
47043
57689
69077
26250
9096
26516
57756
9125
40414
62374
48894
9981
44595
36623
29938
47841
33258
23383
16200
41344
40841
37065
64289
42155
21604
63859
3560
50822
38195
36134
3521
37517
32141
60189
2937
51634
60882
15991
67231
69171
11072
3825
24021
49340
51167
32631
59661
12877
41209
15565
31740
48538
20011
31401
29959
47650
40433
7433
31697
51105
51541
46081
26369
21584
60158
30761
36334
51296
11827
35135
61700
371
45047
21501
1417
10980
9647
35382
23037
34107
64026
13054
6837
44637
55101
41344
62555
10211
18099
40431
62675
3906
13461
15819
11343
7652
56000
9131
59325
5283
37037
24987
33966
21272
1521
19075
6338
63190
15519
12571
65188
53588
63201
65113
54523
28895
29907
68698
40997
12494
64020
16686
14692
45226
63426
29356
59402
36600
15082
67149
18019
56463
32753
36618
36137
8103
31398
69503
36371
19021
30742
60878
23440
52806
34034
23140
35884
52961
32141
4351
42686
42474
63971
15877
58240
30508
2805
68460
42249
18024
31351
11992
4797
49833
42475
31771
22016
58417
11931
3192
15536
5579
9051
15796
44462
24299
68454
56271
61327
48955
4659
15843
48887
45191
64775
30756
5485
984
25893
50327
67199
63150
53780
57703
14060
55551
9093
26728
61415
26333
5291
60598
8159
59538
36864
41829
13923
15728
43634
32570
63598
51308
12749
32955
61041
48167
15624
65352
65197
42520
28655
56695
37269
49087
29958
63210
49747
21985
58452
7987
31318
50964
57281
22632
65621
15465
3036
26204
28957
48403
60314
3203
40387
68035
4839
10258
44158
3650
57100
39148
65020
42861
56047
34126
61502
52299
12267
57364
4743
19443
10293
57442
51899
47828
46064
52262
57863
15141
58638
35569
39478
26344
46093
17724
41027
63263
17028
68153
65304
20887
39869
28518
35371
4580
14164
37753
23037
2902
20342
25266
34181
11496
39634
34515
7375
68008
41800
26439
40317
38599
59081
16031
68305
42171
50728
43706
6144
13869
60971
45546
47625
11709
53165
63355
16989
16789
57559
37245
68732
12077
67876
1926
32773
63768
25885
2543
22350
58439
49679
55535
54925
29663
3036
53172
30055
55271
12458
16923
8863
39915
57541
738
23637
42874
61667
35863
40177
41988
42395
55931
67843
29081
55092
44641
67715
55235
26546
37750
42258
34554
36092
37714
67713
6987
7693
57867
25053
60229
21187
8781
36027
56689
47307
45077
3109
58998
32796
17658
4594
40431
15074
11903
11584
6940
53552
47472
590
16941
39308
5788
39759
33593
44168
12034
59393
29420
9384
3899
8127
43021
40247
58411
14351
43118
33875
32965
41079
22874
56921
63408
535
57652
11593
38761
8745
64075
49627
33090
64756
39626
2703
20089
58944
51500
47326
58605
13652
12445
53910
61522
68107
45273
18475
33110
59511
1069
15659
63807
58797
26870
64140
49264
29585
8567
24400
15334
25151
5106
27096
24205
55369
33421
51949
65427
12381
22067
41142
1284
31772
18150
43397
60912
58752
5986
27427
51818
48697
29498
49457
5759
66692
60527
37224
68870
34830
37239
12077
18587
53245
38090
34632
10399
56454
35595
64136
14039
59104
65472
7623
29363
35425
33139
7391
45129
53229
48638
65139
45254
6208
12838
61549
4564
25875
23706
21950
47114
54767
64218
65240
43528
6868
48229
41806
6678
38519
22000
49283
53361
66088
15433
32127
8835
60595
30919
36625
50638
44591
54453
39986
34380
51435
28617
61616
7678
3069
61486
40778
5296
26136
19409
66136
40137
25523
6961
38890
69153
7458
30759
18608
63667
8431
5033
37548
50678
69036
40152
32923
47190
28201
44053
16975
22970
25865
50117
62604
57915
41152
5969
43789
14055
44443
12477
51729
16613
62793
68694
58311
56047
2083
58776
55795
14329
16383
22860
55387
15139
21660
19352
25614
39725
4944
29053
13593
60740
31035
62418
59050
14192
12249
5565
10629
34922
23604
54781
38443
17114
40192
14288
34248
3563
39331
40224
1074
7397
31783
8425
18833
41809
4952
36786
64840
28555
61404
41773
64917
35723
33025
52090
21162
61319
9799
28025
7238
61295
40861
31609
42433
41853
20634
69485
60762
54425
4091
41977
9
21900
33103
67197
12329
26332
51379
35017
19055
4039
65304
29802
14617
24366
293
63364
65817
54633
39201
38730
14178
16726
44813
40307
27504
40096
67789
18957
21531
41968
41941
17308
10101
40159
27918
54877
17222
28298
17698
52107
9659
46165
51861
3818
49090
16706
4149
36675
26721
47650
46672
39664
8426
27435
17849
37744
6415
6508
48842
49424
65103
25056
55696
44307
15447
57875
18498
68746
41558
55219
10223
39645
7342
47173
58055
59993
18258
58489
24112
37277
26058
20571
58256
18053
15714
62812
58655
44415
23791
59129
9432
61005
20896
22667
810
6783
21851
437
3793
21310
43878
36901
47202
3914
44842
2908
67514
58231
31932
30285
32406
34394
22965
43702
58696
44381
4788
33853
20183
49628
25134
54747
56932
68096
28345
49883
50503
14472
13174
41786
44363
48305
43446
60167
7518
31827
28111
22265
56104
53530
14725
12238
2216
23647
34316
55272
27329
32860
27795
58707
35438
56280
46209
18214
30364
57685
11789
62572
64803
19393
28937
17482
14199
44242
59430
29801
11159
44671
57449
39584
4277
16675
27649
6652
7736
68857
57175
10045
16107
35887
40567
31854
67909
53185
68597
53941
9482
29839
2341
35222
40176
38579
58953
21264
25855
45329
57161
23905
4178
36162
54112
67943
61989
23581
21912
7796
19872
37641
24340
66751
38977
51583
18195
61158
44801
10624
271
60003
52844
62305
47988
53584
22324
24711
8435
27304
37115
67728
18241
49051
62653
14856
51320
16771
63218
1045
18205
61795
28959
46071
2271
63954
53723
27090
7248
63026
18434
65450
41919
20452
11586
43069
42102
57628
56518
65739
20875
62507
28094
53357
68648
41555
56443
19650
7474
33737
8484
6451
55259
7737
1439
4082
39079
51171
13872
41744
61398
6247
49136
88
3441
64057
22073
36403
57804
38789
16806
68030
42728
48662
27610
8549
62284
20267
46586
53882
61474
50868
48024
55907
13636
14650
51033
49331
33829
8660
62144
36195
2499
7065
33056
32963
17640
40411
8043
37509
17045
14888
11483
25107
38234
53025
55707
60927
51410
64296
8550
12651
3534
62954
59672
59570
65997
55977
33882
42080
18170
21275
66702
16892
53831
36795
8509
4788
40806
16612
33590
8724
4896
62910
17002
64357
32665
65863
41230
57006
56642
48508
66744
66468
28778
7899
5738
55653
62278
24965
30425
493
36523
22602
15863
25309
3105
61924
43067
45719
50434
57036
33985
33610
587
66721
18062
50101
12206
55740
2396
2730
7943
11190
36443
68333
47181
13918
63578
26432
32988
45085
22530
64645
38602
12282
59507
8205
9740
34051
38085
26715
26058
62819
46697
3140
32157
25724
34777
47415
50220
28282
18816
38796
1170
56037
49172
42204
40341
38749
31488
25966
58016
25978
3560
41328
17786
49271
5262
37066
61042
17408
496
47109
3533
24756
53302
26260
40035
5937
63675
1754
27136
45337
18892
68902
39418
59462
59924
42185
42239
13110
35780
28862
52382
36785
30683
54013
44908
13043
11560
17138
67884
59007
29728
28264
17660
11999
6537
57778
25316
42249
23099
24771
39
23108
59077
5399
66533
19432
34246
25511
56660
31390
49556
58716
58447
64494
12081
66537
8351
11381
23463
54041
13932
53358
62517
22830
9736
14868
28078
20821
9901
50930
5359
40865
34742
62474
31865
36727
24544
27698
45429
36865
15310
66225
47648
17818
52261
58925
55185
68804
54743
15003
41301
22838
38083
33616
27990
26055
52880
34511
10654
49745
29732
45204
51591
39606
38486
13429
37526
28014
21870
45146
2585
8376
68518
47229
28972
44055
53592
8833
68293
10513
37355
7076
18531
38455
69406
34546
32496
13484
48132
28337
19235
67660
42379
32399
1609
12187
40681
34570
2031
48054
64593
16625
40021
45196
13220
48445
271
6061
67555
48929
7814
64678
59093
37325
6942
44126
59900
53573
40833
16836
4264
61056
31383
68809
4255
19104
6440
15336
64249
26157
55249
25625
8265
31656
4450
49951
57692
19817
46455
45764
12301
14058
12101
19054
4645
1
59835
229
32666
45739
38045
60968
5637
58888
47733
37958
7730
35639
52496
57205
22286
41954
69347
29765
24310
48473
62576
23105
68554
65162
9975
26068
62086
7093
68190
49614
21061
59763
65764
7873
37184
50747
54430
50710
53484
8976
42050
4430
52260
5560
67105
21861
44489
48765
16410
21076
2527
48937
56631
48065
22336
36254
20287
44954
67756
47411
59043
19744
1407
48244
26962
36764
60495
49004
10534
44027
9693
11508
45317
67267
66942
14639
13376
60537
15964
41891
1472
23658
21209
58438
67981
31807
45799
66635
24372
54288
43954
68295
12333
7774
55275
20024
51350
64831
1682
46184
22363
12408
38507
541
34975
19098
28154
36704
4521
37320
52572
58419
33744
15295
37630
22474
48906
60832
23756
50646
67415
12225
68400
17280
66156
32702
61328
1238
28883
48848
9833
44946
24648
45550
59740
61261
24617
33207
50844
42488
65370
61923
66589
30427
64111
41665
52918
43727
40108
14251
6558
62997
17304
52978
17595
37337
65324
51586
66212
63990
32164
46768
8211
22823
20828
19561
57707
51358
22000
33302
34484
37431
69133
62840
64490
21160
9272
28128
46095
27342
9171
41558
66389
66834
51519
23810
21526
17706
59497
31112
16186
54851
36314
15595
47379
24381
68255
28455
12586
10268
4174
42702
40204
23574
28742
36861
50917
62435
31397
64822
47538
37637
44572
8719
35256
37305
45011
12131
60499
66263
30138
54535
17980
51884
27453
10727
40292
41445
60295
29701
3219
30395
51982
32162
4001
11040
2858
44144
7085
40180
18045
50818
67886
46939
54635
19542
24483
49901
18964
15427
61656
36655
55757
46184
12498
63281
2749
21520
45586
60246
4386
5928
8813
57414
34283
51597
41952
61522
43573
28221
34495
1286
22426
65289
32718
1983
49066
14588
39349
32739
1583
60818
39477
60065
19945
59478
49510
52618
20457
55316
23584
47269
14789
39016
47940
27824
5224
44656
46049
21388
65276
40336
15151
43110
34447
662
61862
195
11324
28093
57185
2615
12702
37021
23576
53189
16610
11517
32944
41875
5828
54639
48304
57134
20437
48808
41552
66988
6029
60848
55086
11144
40079
29387
32925
19202
8904
17106
52653
17032
1547
69402
28056
28797
4439
10276
67192
32672
39528
902
3782
51968
62131
51499
38885
32698
30069
25430
9900
45753
27016
26464
34185
62612
39752
69386
19181
41560
52420
49758
68907
43155
65780
53085
44274
13740
39661
21088
60691
23778
20011
63569
46105
48302
9561
22617
28395
33100
9686
28400
62571
17400
314
62919
55318
40559
40871
12724
41712
54316
7510
23264
46916
28640
49555
9851
62561
32513
36445
61656
43844
59562
8661
4530
56265
28078
11394
11601
4950
2400
5316
38348
52455
30207
47341
22963
64429
43849
17930
7332
68353
58575
64860
38722
5455
29281
12426
45740
28922
29553
44798
21805
42940
61940
33322
49488
36027
45865
30806
3513
37262
11318
31326
55349
52376
21288
52213
28848
5123
30605
14367
52791
56740
58873
16129
50727
27852
56938
33070
4541
67698
41525
20787
2210
29038
67850
46801
52344
56726
54803
69001
44221
66558
38891
28371
39233
3426
31840
59023
23694
65986
7817
470
54751
49577
17243
62279
5351
68695
25927
49119
7716
60757
51207
39820
63107
22246
36865
46389
57770
9483
25596
27518
410
44902
65967
36954
36514
64566
14305
31403
13507
35273
54315
53747
62597
16573
44434
9113
33916
66845
53937
55553
51574
54390
18093
15163
34927
5143
5061
47895
58001
52865
41843
34322
18401
52261
7098
55557
19995
64975
40729
48150
68373
30973
64936
64930
20072
50082
36164
61296
62089
26961
4718
66092
5788
43225
58847
57762
49746
26084
9015
14366
56923
47455
42541
18215
68446
67814
63119
26850
64232
46543
43239
55871
40137
11993
57335
39276
22953
43914
57819
47652
9456
65820
56202
13942
59567
26697
46628
12328
24413
669
11972
46907
29910
20857
46347
29110
4633
68607
60552
21962
6343
61187
60215
38670
55271
4570
66138
63112
42755
23188
47204
3453
27352
48567
4074
25988
30423
34874
45332
58171
27595
62561
47083
61784
34076
6141
64801
33354
37695
22050
25882
17738
16453
27864
50652
68585
20804
38663
9148
46347
20694
8420
45739
62110
14833
52184
51795
58506
168
18402
16430
1255
582
18488
15631
51674
10623
2860
5413
30050
66483
28495
42596
8647
16066
21328
50705
61941
11096
61416
67370
37641
33383
32288
60236
54320
5754
51442
69534
25759
35169
29862
59242
3449
47313
39358
18681
4533
26967
2660
13783
39176
65623
3647
6620
37015
64616
42225
63141
59420
44462
37717
9551
68893
6845
16371
33136
8086
44451
2066
13997
53717
56330
19889
49977
8743
34973
62464
37045
41514
27075
53679
10507
6756
62722
33056
16879
10664
1714
18034
39602
12633
35708
35843
28718
40784
42846
20819
65364
52641
7359
31518
34175
53265
52749
47664
20896
15397
45804
19269
64531
42904
36828
19727
21238
7048
38935
22962
55269
65081
47809
37375
51053
10541
53445
42524
32350
19442
7606
38651
28341
21475
62366
28922
64878
28324
5753
28479
12800
22062
33268
12744
5110
52891
61930
24898
59657
59108
25846
48469
60550
7997
33777
39040
66888
19686
28989
10633
14199
39351
1538
4188
65996
3134
57268
55661
30104
8002
46716
46446
28603
14222
18515
46019
68649
38923
14613
39303
22463
43171
25390
7816
13732
17775
52049
8023
17804
50851
40779
6551
44066
45056
35771
64836
40118
62409
40259
8848
21649
9613
37977
50073
2711
46753
65053
27972
48973
14850
22196
3793
20353
5558
58028
26131
7927
10860
21081
66831
13353
34567
17801
24565
41973
63913
45244
48268
27533
4262
65127
37490
67551
7688
961
20106
20490
33169
25936
21360
42915
51546
47660
47572
26940
5446
61666
45573
48835
35364
14183
60443
10744
67508
52244
26955
55675
68816
46546
30915
40317
35779
45681
38997
6297
32953
583
67574
64939
45229
16209
52200
26480
21496
1040
7524
8178
57595
45062
34637
14605
52865
59604
54425
56542
38980
35858
45654
30490
53681
42275
15366
37665
28187
50982
20089
1046
11726
62469
28523
41522
12516
35591
57355
15588
54566
13822
27592
61000
36279
14354
15255
27390
29921
2451
22490
55920
40164
49151
54275
26719
55315
44768
28766
946
26850
55989
68799
56098
45534
666
63980
16660
62245
65164
50142
58592
68884
12164
45933
33438
68344
29934
44284
9969
6498
27365
39810
13830
25047
7875
16797
2437
43303
58901
61702
38195
23146
19819
2683
42623
17210
42924
15345
16608
51544
19818
51745
27976
66915
22698
5524
40183
39134
37782
17800
55355
35277
35754
2870
56420
14155
20654
34948
51469
45572
17199
47202
12279
19871
35166
66577
60473
6697
6271
42218
1827
18955
22635
61436
13705
52039
56016
45412
11669
18915
11376
54132
7937
63371
65904
49154
30137
4755
12530
25003
43266
60897
646
44212
36556
4020
32826
54920
15731
28034
68972
59984
56219
38406
1189
41745
29048
29708
45838
958
47173
20157
6441
42727
37166
6747
67825
40118
27360
7495
15318
16482
22108
36814
43494
67349
60084
48567
24884
38376
50866
25203
32676
66030
32004
5143
46099
28328
41576
66114
62252
14787
14165
32155
63477
3657
45121
30762
9486
11516
19901
53658
14666
17768
31787
19511
36580
28723
64864
68918
69081
44022
46485
19520
24253
48673
23972
43826
60710
31755
24308
45824
60379
64815
15275
32359
63533
46639
31651
18353
64655
11000
36389
61586
52395
30135
26121
61013
12625
17001
42179
66191
24268
17817
46877
9750
51207
25610
54593
55648
10705
53609
6943
58062
24177
17193
46742
17954
41822
38847
490
14991
21268
15062
19910
29420
65061
43884
23801
56100
58244
4850
29643
46845
27586
41486
53453
29491
50170
38105
53686
59972
60124
36537
35056
3648
20724
54467
65420
11027
53878
11914
52387
14813
34669
62150
66501
39612
53699
9773
67357
40021
20871
21704
51162
50249
30713
28880
60272
60730
30936
5730
10024
38095
19354
23734
64123
66311
36801
40758
55529
66617
33606
37935
10077
67185
11091
23605
44077
67922
2766
17088
47388
2782
65335
12031
53946
61627
13638
8005
47834
1027
15947
62243
45500
57071
40841
67725
49487
39436
3015
15308
58148
25136
59854
67116
7563
38470
50710
24662
39242
43701
68594
66411
811
49372
16810
57339
54619
50668
25882
8427
19341
21705
63588
60153
7533
59039
27902
35852
49391
10914
11880
1984
24770
52018
7612
54127
32403
64484
3626
48428
52833
27184
43594
40186
38459
14095
22338
3814
58971
10414
2385
39537
26796
32110
69027
58859
54285
64137
45588
39667
61889
32158
54793
57610
30731
25333
12680
49862
55537
45513
50621
15711
61582
66110
57282
16985
54028
67310
1267
10044
61784
46256
46074
52202
64183
23266
7010
8659
44414
21856
57372
43808
52726
1992
8900
10282
44451
23834
42582
8128
44998
59045
15865
32613
65570
23231
28415
8972
54498
26839
55779
37910
6990
40586
51234
47263
19787
55854
53846
38301
2521
28567
50529
13397
23263
32713
59864
6013
14228
36705
5644
28395
62860
23100
5478
64691
67113
65006
29674
50055
69456
3753
7950
65503
61485
46683
47350
30747
12289
27225
41313
9258
1834
50698
3016
20582
33220
39433
56601
19348
48548
59217
48169
63586
13322
56088
24112
59097
46319
31495
11309
45096
1818
38182
46427
48605
41101
64494
66701
4502
56347
35044
47114
60945
18868
68984
60810
53607
49235
44587
30094
20982
14144
8913
38478
2319
6173
39063
25662
41796
68275
24793
21998
49024
47424
5792
56926
21451
40079
51604
10778
11079
56665
16440
31535
24409
16750
10051
7257
62920
7114
69364
49393
22215
26718
24050
34912
50680
6700
26589
15448
58513
58976
6388
34157
60300
32947
24242
45566
26003
21764
24376
45068
14417
20410
9176
28967
32430
54237
29896
5962
38864
22086
32718
33608
47903
4120
33489
43037
27171
48827
9565
46971
19080
65738
32908
15120
65320
63780
47905
46971
49202
41443
25256
21208
65161
64180
18089
22221
62926
41289
39780
6973
34515
48192
14593
37058
23551
27998
7304
29919
25285
28572
10598
46465
66827
10285
23366
54157
31253
68610
51005
61772
51994
42268
35948
41612
36961
52766
16884
7398
13231
15439
10961
61650
58875
18627
43777
4051
58150
9113
23169
51084
5648
17772
27455
44552
6415
18886
36636
14769
37167
22510
60034
27523
27509
22393
25000
28796
68151
41257
5691
7171
2766
53910
66614
50316
41335
49057
41909
59743
15743
28305
17053
66937
25625
65314
31994
20492
49060
11750
67455
43872
12561
29240
45691
28836
49513
62077
61845
24813
35568
20016
41994
69337
56020
58769
3723
36423
13196
27984
57105
66922
351
49485
65782
21414
49465
5797
51080
23097
27717
65574
40773
21325
26004
68481
45553
31130
22280
4382
18414
1172
33826
60516
69149
36374
22430
34422
59731
24999
35435
61747
53268
12515
62249
16826
35214
54730
40915
24401
7061
4813
28554
11509
31204
20546
8118
19151
40726
19770
60067
66159
44307
20841
46533
67527
4224
60541
41309
3975
24067
32810
7553
12310
27488
6726
38464
42964
29145
24919
52945
46826
68598
23979
66864
50416
53758
68145
26491
54463
13826
5878
2301
60972
30404
66869
20273
42660
31402
69086
8221
38995
65045
30907
52086
39285
68556
36668
31652
10387
59026
33869
36751
23786
57317
37973
23230
45531
48847
38181
826
7870
20968
34976
65229
60059
15649
60073
58284
51191
11855
21741
6903
51842
67661
57471
24512
54589
36127
23977
19725
19019
23422
30779
50383
2228
27570
27510
7700
38937
19274
998
46724
30133
31895
53565
54673
1681
27978
66128
24269
54456
13488
40261
21738
58006
42992
12964
29189
53757
45281
10244
15752
43238
2744
52729
61967
39015
29110
46978
19253
52884
49407
16944
3519
48759
2895
66256
40679
28784
21864
45679
59663
25328
30350
34389
13474
26340
32280
54696
33977
4006
38665
20654
64944
40752
3640
64376
57530
41732
54074
66315
12256
18235
19862
8894
68514
56960
7807
4461
46656
946
6580
37544
65054
31581
41241
42318
29648
66778
30653
4843
50945
63783
21322
25792
23203
2677
45455
45926
56376
5312
69518
67067
52709
2286
14275
36125
58219
35335
5258
28367
5411
20239
58010
60309
2506
12172
30438
5732
36015
38343
52783
55906
26566
21585
3180
50530
431
47693
28655
49282
49539
40915
57240
25455
34214
24973
47985
64960
23184
29413
20256
35005
51332
5362
20073
36395
22480
39592
20296
64960
1361
37911
66926
25124
18904
1545
63018
17473
30932
57287
39087
4489
18350
69180
23080
45725
67887
15922
39832
20599
64377
60174
55149
11883
52233
52079
36486
55755
63776
57933
3974
44
19030
22790
16419
15191
4195
48573
3584
52834
68016
40997
17592
59448
20571
6865
33702
40608
9984
30526
19247
25499
25185
49826
63836
63532
67377
66593
20532
23744
28532
16905
40550
50379
45555
26472
6312
42332
38464
23456
7309
58035
26692
69044
43572
3601
10802
9766
12868
33464
18755
43262
33653
65964
5003
59954
30010
28696
48573
6882
42692
69127
57112
49316
5248
23827
50461
14112
22789
32806
47862
61415
16085
36328
13270
34550
29116
30519
21381
47938
48776
29650
17224
8284
31182
36478
14942
48938
43406
24259
55347
62396
1415
44909
64620
19936
47107
14190
36588
23684
64998
26826
20915
58562
48449
29895
33583
55718
57453
17726
62251
9763
68546
55964
7845
37978
46092
9275
2969
18013
8945
11024
34763
20490
8101
59792
9219
34495
67689
42657
53870
9797
40936
28081
65605
43893
31225
26952
66222
50729
21502
2312
60028
24162
4051
24590
43327
48466
30269
45871
1524
20067
15402
67055
21694
10348
60277
16168
10762
36335
35517
60182
49143
41051
8683
44670
61151
18872
3128
69486
61971
33300
17724
5919
7763
19604
48607
28318
14979
59891
5307
20574
56422
65166
45903
14163
15766
50837
11995
3226
48595
51127
59616
15270
11964
2865
2746
59806
40864
68466
20610
55944
34476
61752
40907
31874
5076
22272
50887
55763
42255
51992
22208
39466
33013
62710
8
52860
27108
32902
66061
17335
57198
204
62342
53524
62696
20554
68500
16945
35465
3735
13570
42853
64548
54693
40414
24176
44045
21364
39389
13675
4308
66736
56475
69456
9649
21839
35875
29605
43107
53700
51573
15701
49006
31677
56204
62604
32428
20539
24154
10968
62503
48210
17578
25842
37078
55732
33682
2794
33709
60324
68969
1336
45908
59915
47606
40316
9545
43862
26514
62298
2382
57952
47089
61889
17010
8006
64879
62569
69314
56052
63517
45466
9143
52321
64195
6398
31251
55184
56896
18435
43214
40140
42095
12654
6306
46528
31561
24769
1138
60489
66775
60226
664
8111
27784
36106
32389
64736
43296
25991
62514
3123
66061
54172
60993
852
36389
64961
12597
56795
21498
35803
56724
6408
26699
27412
32921
18066
64654
42618
35036
26804
18901
53355
6552
49339
54855
45441
21668
58072
2311
4195
40157
53235
9301
49181
36424
51885
44288
33088
2394
16633
53707
54540
11798
12101
31941
42406
40690
32046
15544
3410
61411
432
66808
35786
20658
24753
23177
40010
35153
25245
48412
57700
58633
6213
29951
48957
45691
5322
53905
24954
46978
40452
33449
6777
47818
17818
31293
11089
57957
22018
14974
69274
38927
63809
22595
5932
14033
65237
9370
29249
20244
55994
10283
34213
42923
11477
42938
2763
27568
31992
51145
9111
37318
4488
28156
31297
64711
60693
32051
2156
66692
61518
3840
6355
7824
38461
68877
47127
32975
34720
8521
18114
5860
7392
44774
38307
48363
3349
22357
40895
50643
60278
5048
2494
69447
34844
42777
19704
29162
12226
17956
49791
21162
13853
57362
11344
57679
4381
61172
54847
33200
62403
62860
54747
23283
68486
56394
14364
51653
9141
32330
29220
37555
14346
41315
4712
22797
21056
36026
36253
28244
53988
32528
12565
9932
25349
24915
42633
56509
4538
23032
4979
59862
46899
33738
48570
18084
64599
52037
8998
21082
49473
64911
3214
6225
37806
25389
37263
41770
29014
17767
34833
65842
49664
55355
61307
22332
2861
39461
26731
46306
8823
15884
51379
4858
37041
492
29753
14500
3499
27426
63609
39434
21316
29364
717
67359
68519
31516
58094
34122
65784
15826
40222
47759
38393
46074
43406
11966
10100
54030
25539
66997
29406
2332
19630
55927
68030
38036
50940
28884
44955
10123
60466
14669
28404
36055
55045
7255
67373
45284
30005
58259
14636
22511
68105
18894
48644
26737
10018
25611
60605
40377
63659
52453
47506
5891
64302
19311
8674
16513
35599
59809
33788
27772
16776
66972
4541
13348
14434
49486
42750
5444
62745
47884
59769
25386
47027
59278
19478
26360
40104
61958
27097
36187
32488
61002
62815
22630
26195
59765
23703
33241
25932
45194
34221
9323
65851
14369
48032
54754
55867
38893
40672
29939
61526
53635
10345
2473
4800
34463
60992
24777
10584
7883
35843
56140
56683
15131
50873
32329
44823
39382
8223
20376
35833
64445
58494
16152
16065
42435
13317
24193
34010
49891
69448
68726
62500
23765
15562
31217
1685
42418
14063
35737
28293
6958
23854
48648
69156
27127
10646
54876
19950
21226
66353
63795
18069
34730
33527
61864
1941
63868
32050
67520
55539
7654
17062
17461
55787
27139
13253
66177
7713
7913
64215
10810
6791
35729
34172
33089
32663
25188
11952
20314
43900
16618
8344
38135
31273
7838
53950
5296
27723
66550
59558
67444
17760
37685
64221
28664
35240
37000
52807
58807
15672
42899
41664
30520
5129
41187
21463
6747
30178
19327
29337
53904
54247
68780
69087
29551
9752
16419
44333
62642
19222
21339
38527
8735
65087
56077
41278
8603
21366
8103
21802
58119
13742
52920
67377
20614
64962
22715
63862
65977
509
6355
49893
26631
57682
8485
32502
33084
60714
26426
36197
9548
57814
48388
66962
30347
39570
64727
55579
61899
49399
64639
19331
17235
11031
22733
63892
50903
47195
17470
67618
36194
45487
54241
51503
55903
3768
17371
61785
42985
19907
67411
54122
8895
48929
22218
27897
2070
27637
2712
43079
27130
59796
11400
60269
49727
34563
16577
37562
29555
3341
66129
64753
49289
61648
4823
55058
36903
7839
34359
4784
20015
61941
24136
49394
4217
56395
41213
9558
62269
53121
29519
45686
67685
46345
15166
12511
6471
12954
31656
18301
50496
58069
238
43072
37747
20777
11915
27352
44924
33411
63698
60510
1467
6085
30989
34482
55240
49998
48683
13091
45941
33655
19971
60012
49565
15679
65288
15231
7047
25051
6445
47581
7763
12048
11881
15049
11369
25164
13060
65293
19017
62542
63256
23110
20898
33242
30116
57221
38644
3176
8642
17715
29465
24855
45179
7787
25177
38448
23680
16273
68013
43719
35670
68584
21372
64237
4249
12814
28423
4120
50694
22512
16214
60937
66159
60677
2421
57371
9042
42020
9807
61542
30556
45099
30325
32863
20636
7280
47416
15013
63480
11476
60703
20086
30410
39137
58377
27324
30893
69190
1987
58510
44519
19167
28530
18650
1665
58495
6441
46695
45708
39968
11669
28583
44993
28083
44324
19406
2740
16265
61635
67590
54434
43654
35907
21681
56943
4059
45954
26617
29245
10333
42195
14767
29152
37542
11474
14800
58770
52275
10852
65928
65084
22015
62249
69465
18846
22944
32260
38825
2311
14975
15809
9248
69065
50528
46941
40136
69216
41461
62295
62301
2253
45483
22394
22478
39338
17022
23679
38654
47629
29916
839
66128
58219
33810
34002
60658
52207
38173
21618
49062
6935
44618
12950
25738
52421
28277
33593
59921
24659
16757
43529
37682
8459
55761
1662
36202
27899
7350
10517
21574
65909
56236
66832
37734
63114
61613
33561
6051
7389
60205
9126
53262
52120
21147
33117
18960
42078
33716
27818
68973
49645
1525
6693
68961
48617
10917
25443
9819
69134
50383
4339
61335
62911
31522
23108
5614
41632
43654
65323
25497
29058
2781
65267
32287
20885
3226
25472
27400
39734
41025
20549
65253
29821
45151
54072
19911
37502
61385
40248
26667
12050
43769
52241
25370
9197
18922
45062
61672
44932
28370
25079
18414
26179
65246
53570
27089
64713
45483
39396
63529
49729
31897
31859
10477
6341
22693
31892
68212
22552
25700
60429
44188
6119
54787
45529
27208
27767
18388
22060
9982
49603
31308
1490
41282
7311
16098
642
12828
22095
12952
35286
51667
45161
39809
19937
30333
11300
24922
42425
42215
16317
5513
50115
4437
59325
6489
38844
23933
20231
57342
28004
11603
30006
31850
44075
50703
49070
50418
50327
11713
23243
32566
4237
5672
68110
3310
37783
26483
11469
29895
44774
64212
22417
11169
68131
55024
50581
67063
44657
11793
1197
15085
63795
26733
32348
40072
62667
14109
11522
13456
42315
29474
28412
15189
34103
27090
45732
49332
67262
8175
34284
49215
42185
42286
14708
13195
56267
4255
49975
57428
49565
19168
1636
17393
66984
22911
53051
58433
64396
24923
63356
35270
19921
2190
42259
15688
14461
25638
48248
1512
34506
65142
26185
57666
11895
23903
68484
23098
34823
48761
45823
7502
58624
6379
67564
24305
65791
65078
64130
27438
64977
64170
7947
16295
62604
67041
64270
29883
55379
26549
6896
45339
29287
39331
32926
48333
38611
49988
58792
7978
44773
19674
20655
4285
62714
45657
54469
47971
60962
4313
21672
9917
17376
22679
35735
44765
40434
49103
16241
12584
61530
43017
4324
36932
18348
15434
53963
6971
55227
590
27251
11460
776
55193
6952
51997
28504
6331
65227
28941
66962
11719
36172
20515
5686
51121
12691
19397
13341
51333
13925
25919
8884
44269
4836
55591
58131
28749
23516
39087
66547
28140
5605
2421
20302
14803
64226
45694
45237
42164
48660
51212
57745
15732
12926
68964
65310
51759
18257
58936
20724
31776
15639
5808
61059
46428
53864
30056
61598
68699
2473
68780
63775
38948
31205
20071
14187
20785
28194
21909
13488
8345
56049
33840
7482
44493
68950
18239
15965
32723
52551
5141
52744
35317
38721
20115
44042
24645
8469
50069
23402
45302
45214
15762
46237
35147
7545
49530
21214
39501
34082
56521
6395
27456
56871
58666
25218
57412
8381
467
56348
62137
8592
12256
524
44475
4331
41663
7036
68804
22177
29747
42255
22794
6581
6217
15437
1972
28480
46261
44259
14621
69079
24600
15717
60501
13475
41742
2224
27399
36817
64878
12359
63117
11586
67588
34227
34604
5513
68351
8048
5561
19442
56521
4254
67078
26326
52717
29889
21398
1958
56358
32990
8595
14611
47290
26782
60349
40968
28042
2657
11874
21326
19147
19603
31635
54140
68690
31661
23633
11557
50465
48151
63567
52452
42757
33123
18914
10165
27346
21935
11262
62289
2638
52057
33822
3021
17548
21393
58916
17165
3914
35036
56127
38256
30694
18509
62732
55686
56823
53845
34671
48561
67036
57138
6324
8687
17702
173
25113
57509
33355
56344
21429
22418
13670
29507
30643
64599
37717
4818
43931
46374
50725
20160
24119
54288
65195
65050
69303
18403
20029
63314
43237
53452
52638
23504
63523
37386
8322
18102
19045
62799
64853
35642
48392
58439
19821
60338
22106
65580
7883
17093
15919
24251
40109
66631
42153
47101
2307
23570
15830
63793
65
34352
6111
57216
45066
35389
63180
16082
25920
185
43437
12000
55523
15853
29430
6078
25590
59400
53214
27674
67529
65463
12059
39588
62361
35487
36942
4357
7536
50831
33368
41285
59013
37061
67574
60140
42678
44071
28305
64767
13110
62975
42140
61757
13642
23665
7036
48955
12686
6828
12871
65145
64392
33441
19961
67463
6070
26848
30274
10885
32713
61916
8344
53743
68787
14199
18915
6249
57839
26012
34604
44408
47251
38447
65820
25584
30991
42915
15407
50010
18626
39828
16073
30176
52541
62290
23810
33628
58626
43922
3486
19271
32895
2940
26543
50354
33516
1321
18758
58881
69340
14987
66770
688
30758
56792
17476
36366
64065
57923
56093
16959
10735
23238
24211
56850
47122
64135
8275
38562
1071
40103
33269
16047
62629
13033
24280
38060
6588
49348
50845
19917
24276
56043
5204
37531
30854
24412
66656
1237
44683
18371
51408
49124
14506
60554
60658
40930
38065
47563
38585
22867
50645
22079
1979
47307
50587
15051
10155
8201
60457
46954
31266
15260
12148
69058
21398
56746
55588
6266
5592
45457
53246
45443
9260
3629
2888
47952
54485
37720
31934
45966
49218
51980
5110
34763
63157
7259
6843
1352
37368
45759
3773
38542
55875
6022
64402
63164
10834
13189
29643
5757
63145
60228
55560
16797
149
37265
25936
33853
5544
53779
5736
9759
3473
2208
63703
22471
68038
53937
31232
35364
6201
30616
59229
62157
33003
63316
22503
50625
22934
3305
44844
5462
2590
28771
41574
52162
63894
23393
23226
29539
60137
33623
65943
6801
25038
60965
55078
65597
55470
21314
28857
41010
12509
5255
26914
41052
60060
19762
57404
49494
526
58799
68087
52573
33329
48602
62070
10373
67428
27161
10322
62055
27836
7843
9271
30132
35204
25311
3466
10448
24964
9864
39663
56570
16890
58224
61857
62362
64970
56117
38900
28452
22567
49357
8471
59061
26666
27757
33304
49340
19621
30946
52059
27762
34800
29973
3494
29124
41920
56723
18385
1404
56493
21171
54470
58593
1011
7293
50489
48649
50055
24423
42198
22258
59115
34420
37048
25778
51865
32364
30043
16881
18372
25845
3914
28017
46369
61583
59248
18707
67565
31481
19061
41902
7663
55050
42804
22426
15700
61253
11400
60266
65910
31483
5086
10528
40196
24112
69008
45039
25033
67043
69121
16008
65628
31454
35305
15535
3902
64305
17806
25159
4284
43393
2086
11124
27752
54828
54944
40729
36828
64742
31720
48239
41103
54501
45151
66464
12761
51753
920
67073
66275
64467
2236
4721
63974
28367
59167
65007
12332
50087
43168
47837
63075
59301
7680
21480
65647
38046
51686
52031
31493
15022
22686
36845
47336
9064
26288
57903
15148
31904
14626
14289
17155
51444
48837
37159
57970
10345
52362
54019
40654
15776
61300
38290
706
22141
36776
24242
8680
42199
49450
39229
45446
7085
24121
37727
27885
7345
25956
40519
38655
42242
7377
3045
63020
52350
13126
15889
2452
16194
56510
22778
13214
67832
50399
15346
10761
11110
10686
34197
5690
24279
3220
50755
63909
17993
1063
22586
49961
67602
60041
514
58975
26511
34789
6810
20807
24167
69103
28433
20784
25990
52359
25102
59662
26470
56521
65588
34890
69090
11318
23338
4358
34713
61490
567
31977
2071
55520
56240
57220
35530
62275
64226
3451
68118
40316
3998
18318
51234
13386
10278
4257
14041
46079
36751
15730
56050
23598
47388
24341
52402
48888
53050
18071
3510
56912
53971
64864
45559
44651
16390
36073
10795
22400
46831
11431
37376
34225
6533
45166
10643
36757
68258
20641
9890
64886
6272
25961
7832
6251
56243
29208
45809
12640
64848
15506
37294
69307
12852
37602
39089
14802
17597
45748
49004
436
61725
68726
8707
3486
18967
4369
31992
40006
28676
41273
33678
21723
5153
11532
42752
15919
18501
50007
27003
32457
19804
27037
50457
17534
62979
59741
66098
45076
41296
27765
5816
30134
19536
48335
25171
49248
15570
9271
54991
248
41762
367
64341
23913
23383
51702
21705
27648
1744
66999
62056
21633
28646
26744
36216
45424
13643
23467
49834
29378
40064
21637
50864
35271
10186
63154
40693
59647
26695
1595
54747
36303
12698
47901
51457
22233
19665
33051
50895
62064
38550
16374
39210
18701
46789
27569
3607
11235
68303
31610
32307
54753
14976
55175
58504
43206
9033
48019
8820
2314
55485
32755
35733
65690
44953
62403
61705
27566
40528
65327
19015
60790
60504
31605
27100
9382
63036
41272
952
46726
20734
12723
22719
14402
46845
23235
44787
35172
26431
68094
24220
58119
27823
15905
4362
18005
33324
67546
69155
48373
18160
58024
57644
41961
18816
13409
18755
50764
28296
49811
24376
19857
5340
68061
27247
50630
61691
68883
21207
36059
69089
5949
12681
40692
9127
61899
67177
20618
30190
42231
4767
2121
35599
49026
37090
35347
3641
7704
58885
50310
22675
8901
52399
68977
36259
17797
165
34198
3839
50670
31171
51479
57054
13264
55673
64717
58212
50217
57761
45127
40536
35754
56973
53999
11174
60072
16009
68040
30183
38491
48090
33774
31230
4348
5696
53772
674
42954
45224
63676
28638
20579
57116
54878
54725
43521
68293
65838
26145
46669
30696
41045
59396
1375
6808
39118
57307
33972
69274
13902
27127
3651
42215
39754
13090
62883
27217
1000
1878
51920
218
30795
34685
36687
33083
23510
37320
57906
22879
67427
55160
23351
801
61293
65079
8992
11305
20241
994
57306
52057
36852
67032
45348
62359
4346
43471
41094
40831
33122
14885
25367
17222
18880
56184
46003
23293
24393
16442
57213
24764
27488
47744
36757
10577
20300
25149
62804
42451
51526
17189
45898
49249
36814
13161
31178
11639
61473
33338
30940
68105
42334
62351
30407
61146
19075
50377
8461
55119
41607
62186
49412
41857
43582
68269
67163
10867
2663
43190
10491
17381
51254
68982
4798
12499
24308
41962
61552
16102
17572
29897
34935
28969
44944
64858
10610
22215
4124
49308
42340
66085
28522
20865
56511
68352
23564
9280
68558
27350
42865
43858
8169
49454
31479
59130
42662
8494
64626
11149
44037
47493
57045
4491
2556
40648
54449
6984
16829
62752
28032
60309
13926
3267
59526
18123
37058
25685
33574
10833
33437
6015
19481
1582
34759
47757
57067
28764
87
37163
46720
29002
24113
49910
50171
63986
64328
14112
27583
42791
30093
2816
14948
8038
45197
23722
37975
37294
35426
38640
50469
44518
36481
23915
11165
499
18663
51858
34978
16083
34959
58778
5574
34723
55663
56113
57334
31779
11866
63727
37296
69344
43184
37287
17764
23440
37917
25614
9860
141
58935
369
17490
61837
32318
36624
48545
26311
25886
26537
28767
11562
16818
15161
49826
14415
60120
46382
38834
33139
44325
13423
38576
40686
14378
58756
6433
30252
13645
25574
24441
43654
50119
58769
40641
67725
54141
29518
17166
46308
11112
60322
60428
52532
52267
15732
4024
19479
52579
55948
15144
48797
1423
44061
47335
59547
13382
40688
16524
32963
5409
59193
19673
48914
30486
50066
5400
17394
54666
47166
24157
3690
46418
45361
57327
27953
11190
34687
36859
39000
65976
33201
53913
18951
56495
35220
5826
16727
65702
50845
22016
26034
48048
7778
10945
12162
6706
14616
27635
62915
13272
48802
35549
25174
19898
4669
44334
21689
28825
60249
17674
46703
67311
20704
54303
44779
36106
62277
18632
3675
68027
8939
39919
45134
23835
38173
41321
54578
5640
37170
58371
5678
60785
31181
25216
49407
16119
7010
52293
20698
35118
52540
3886
25465
52205
42225
37859
809
19012
12584
65158
32773
16000
46758
21007
51056
39225
13101
31709
15212
54969
27604
44928
56291
65053
68629
19134
17392
57457
33671
11793
33315
24346
58564
25282
65468
61115
25037
67850
6899
13029
25795
46054
32397
56012
8944
69043
18745
44664
9763
43275
12340
49040
27983
28628
50706
59981
40627
59330
46332
59002
15861
63814
67557
36353
51553
34946
34563
21540
55348
50498
40953
67027
13737
16162
48042
43796
46488
25952
67978
328
64278
6466
65548
55943
3991
64286
68284
29310
51685
66265
45185
41990
28586
24619
50699
55913
30120
44496
60984
19071
35328
37094
69122
36866
5333
8246
46351
37636
67641
33155
3974
64281
69132
44565
22928
26369
29396
5854
24405
34145
8072
3473
28450
1364
59618
27486
20615
60852
54616
23050
9560
66896
66664
67120
61727
49241
34000
44567
56492
53888
17526
64633
34466
1053
22477
42054
2867
11805
49554
49142
48718
44689
40732
17200
7125
50866
6030
4467
64792
8982
62858
38882
20386
17301
3813
18693
2284
345
7911
54104
17607
6535
2973
34314
9780
67107
57623
44621
9805
67254
6025
34724
54507
65238
66815
51642
20703
58292
30328
24376
26858
12775
5459
60381
35277
66597
68602
32004
39050
32878
8201
6545
53554
43015
30260
9940
50125
50811
64356
10096
39662
2760
64167
20035
30061
40856
46662
18344
57511
149
59690
12866
17086
11401
1893
41516
14251
10161
12621
40570
2206
36232
36921
56935
10725
61629
65596
35454
57611
28993
44747
36666
11020
26626
28231
47789
20559
6779
10155
66079
62584
25216
53726
30725
3447
12648
50287
55992
7965
60807
61006
57569
66348
21808
16407
64629
5161
28475
8399
12422
3498
19339
55814
33558
33326
33459
17495
26730
63868
32833
64425
5964
67611
23651
13760
59593
32131
9102
49637
13793
31609
8021
64310
10740
45186
47482
18044
10378
43364
54191
28072
34437
52720
62861
7849
46889
63103
32562
49655
40726
59518
31180
9997
45443
16502
23060
9627
11446
39439
8284
24108
59443
68366
23554
40247
14086
10791
16215
58641
46649
15436
16960
22666
36846
21180
50578
26388
31481
29760
63489
44921
47210
37472
20080
40449
32514
13537
66366
66479
19520
69520
53519
33962
45798
27524
61837
67937
52473
69036
52275
65483
42737
31663
6045
61334
52373
30907
8222
42945
16439
2856
15208
15084
58541
55736
67292
64966
57158
66199
23762
26857
22059
11686
32329
27885
6565
52085
33043
4784
27676
5965
13073
31526
32866
12960
31345
43386
51849
13092
55503
55081
33922
2823
2724
12862
40456
15657
59144
53217
4576
63468
33544
34030
33775
17143
4328
1801
6358
14111
3738
21625
62539
47972
19133
39278
54510
58480
39995
59581
47404
6783
9638
5234
34776
4029
63886
60748
8746
17804
39675
35526
43898
43963
28178
25063
45887
53672
44191
2078
17152
28707
24359
51245
716
32991
2203
62068
21307
51661
65555
14971
32393
17975
28177
4529
12919
24941
60944
43196
8463
3976
34400
1774
10106
33123
46336
3519
52839
38289
65434
9855
21340
9251
41806
13874
35105
63162
67675
41352
4710
34870
63984
45430
18265
17993
32612
41405
65979
38884
34637
69478
31640
45131
46829
13112
6000
68549
31704
58561
60399
33943
11493
26446
20241
22023
14628
48690
9657
42308
40852
40530
19229
30107
27034
51820
63573
20800
12821
23861
44335
52196
2453
18022
42484
41381
7311
18601
36885
67288
43319
65961
12855
63925
36212
51686
43801
49327
68677
57634
60835
22674
48311
10316
64072
51276
67246
31590
18058
48516
33950
18180
45571
36701
22230
37165
32539
68371
417
62699
19764
26933
14050
4947
44734
39773
4775
65408
17260
30428
1508
14176
32793
12732
19319
19792
23011
13802
30956
30984
35708
10983
2118
903
30852
46277
49368
33828
56979
53573
40263
40484
16595
68481
58731
58763
35796
51040
48290
49623
2351
66218
61631
17854
17989
12156
13859
8675
23810
50666
62396
10730
17097
62510
62245
54037
25536
52941
21402
14932
34444
61206
1727
52635
50550
40905
55044
31915
36467
14917
68298
37320
64323
53705
27010
14042
16470
2076
44986
640
52385
17546
19714
35797
35167
46393
25157
16332
837
53517
27582
52886
48621
66341
51168
8452
63802
29962
64250
1506
24458
3718
36844
42827
30102
29998
21459
49537
44469
48787
20339
15409
7211
18470
67016
5431
54244
64141
34520
18204
20576
19454
48938
41241
13185
25013
51773
39839
38906
65173
20044
24752
16508
16666
59529
36140
26209
31518
5301
31943
47265
31645
5605
54854
22382
62806
16400
54044
4152
26799
38646
6548
3595
50446
14563
30104
33156
2223
8600
51409
62698
36928
53093
41884
57019
35290
1438
58090
28579
48909
53389
16063
23732
47756
21110
19527
14709
42121
48235
55718
18097
68994
54179
64252
17221
6379
58866
49282
54405
44183
20187
31625
53084
56936
54081
46488
11677
67822
59323
21170
25729
36882
3685
38171
61116
37389
34971
53224
33006
48358
24527
24014
59955
33747
43408
30328
66439
58089
61289
61289
62665
12772
13655
27607
39318
68840
50365
64436
25024
40275
27900
56089
2725
42637
34549
50929
8417
15827
68399
56233
66545
30489
69302
18151
20460
19327
40598
50186
707
10586
7358
12038
6089
17885
39581
62170
61317
12196
42860
62709
43659
21167
12166
48142
33150
1536
219
67640
57671
37233
27447
10071
47371
25659
56324
35402
42570
67497
21768
53482
32741
46995
47330
53270
62384
32456
50969
62294
5377
36296
40876
12660
3328
62652
68881
27029
43058
15282
38283
46128
11382
21435
63521
64981
24932
34431
68425
204
44373
31268
27122
1246
25647
17108
16738
23313
20110
14130
66149
56755
5154
33667
13823
7908
20274
30256
5162
47694
42924
38779
15826
47168
62935
10922
29269
36179
36850
58293
6828
62302
66204
26184
39397
58244
42776
37040
14599
64435
42428
323
5123
22268
3632
39033
46651
26370
29330
11540
36836
26601
63254
62182
49117
46109
24332
36020
47463
17312
62706
35317
48510
7614
54374
31733
26143
40840
20727
33110
22660
50562
44399
17733
4861
33316
53451
31863
68521
33318
16822
60322
31498
47138
32736
43558
22379
59421
58150
38027
23207
58172
32912
26342
6266
64808
56025
27563
51761
44640
60729
53458
5875
26199
211
30244
61991
36011
40498
3422
36143
47878
11090
64617
52176
4320
18371
52262
36985
41830
50370
45874
2154
31211
68682
5
46439
54335
49351
42125
63244
48113
63221
19778
55493
24234
15900
7719
64312
37612
2701
11957
3823
35769
68427
53706
29286
38936
38590
32874
8056
50365
14825
61261
9149
17205
57996
65858
42913
5778
42158
4608
25175
35393
32520
21747
41695
51837
45824
61536
41343
22617
38107
47549
52326
34663
18195
11461
26582
32812
45679
38018
4579
31545
10259
46133
52687
4755
23209
32849
54041
39192
70
40257
7688
61848
4573
55809
14553
16981
46172
1026
66089
23836
40483
67826
60457
8127
7391
272
4663
37231
20120
14110
13732
48077
36456
19770
68640
46058
20501
24786
28580
33410
48313
3122
23798
29555
51903
35738
7629
23940
59942
31096
43721
50224
38384
29107
28788
47779
4768
58020
10807
39107
52888
29718
52612
9451
43458
43220
27849
29929
15733
50338
13366
17863
35041
36964
11868
55654
49859
29820
6998
54250
12379
61208
26764
11234
24376
26069
63796
25680
19575
57081
59193
28361
66224
54213
11188
16176
42494
34994
47897
31793
31577
21450
19772
63918
63361
9254
47660
25117
25056
21140
37960
68619
31564
10981
61186
12923
34927
13295
42361
1567
29654
50790
63166
45614
41163
50324
27115
16485
54444
7362
61912
53607
11186
43936
36750
52869
23213
29922
32634
65229
19847
4461
34282
48103
8025
38692
61068
55092
49837
53036
13583
12257
12749
27261
23169
62699
57735
60291
28406
12420
66395
39752
62929
46462
61838
17369
61907
69124
32217
13810
49639
18195
6827
51411
62678
64555
30657
51912
50212
56932
43422
2431
1349
12366
63858
12293
1787
26479
66166
67928
32866
69381
17419
24556
12001
36198
62677
67137
41741
46749
63278
45050
65986
69437
62933
45403
43652
30730
54039
65477
56452
10541
37479
53754
20673
26263
60187
1161
17752
28488
61523
30251
38652
17665
38915
28683
46710
68936
50900
177
46845
28841
31459
63094
421
41396
56348
59018
54786
62590
50842
31981
19291
22959
67558
65663
25382
54822
24786
32677
62563
15740
52470
61142
6051
11861
9299
19904
67154
63160
21627
53729
40269
20889
67129
21491
24730
24434
24154
3850
5538
53635
39220
29569
64143
1556
53244
66625
12669
21354
45731
33844
67432
15708
60764
873
54574
13150
3334
37325
3200
39577
53592
9512
42451
55084
45994
12533
69151
27189
39711
26351
65806
24204
25803
45549
9336
27
37012
61381
31340
19089
38347
27303
11767
20659
39872
61341
68775
5197
43882
13725
43917
29090
6442
55659
35981
52381
16236
55287
52153
63021
52927
3258
42324
28233
27781
69165
33922
42234
60458
3220
60846
27624
30145
47179
10946
55950
6226
4424
49940
61658
60393
7528
30916
69255
54432
32386
52744
67751
16994
28837
37808
25513
4953
28160
57915
56676
29717
29248
7316
41092
35343
58824
722
42412
67898
20708
61061
43866
34754
49301
453
35049
44048
56981
36121
32697
36882
45581
11257
28360
64128
37874
3069
66352
13428
81
30066
43092
43433
36794
64879
50447
47766
36037
30194
31964
35703
779
26093
39622
13891
23401
20827
24672
38537
8375
6020
12583
33353
24898
60172
29897
34307
49543
66403
13793
28303
12898
52040
13489
30271
9243
36661
41299
33614
59254
30837
40741
28264
31198
44036
10401
13195
42703
29406
67552
18359
55134
52106
18944
27632
59226
27329
63971
49254
33191
3311
64450
35092
57646
3831
43480
12552
47868
9243
9936
6865
50577
15100
1150
36841
62542
30505
12879
63159
54799
45359
30427
35294
8278
51080
49591
36465
5413
65410
59725
49904
61597
23564
33693
54778
48295
2068
37724
22393
52087
58062
15213
7730
14266
14318
11949
35059
37721
3048
16827
64076
45177
63406
19563
34789
41467
15349
24317
39596
58570
23157
62326
45829
36038
64222
41843
8174
18379
27009
56698
5749
15181
51562
3641
64125
16365
48151
40150
59645
17957
13701
48413
27756
54415
66697
9011
20914
28175
52494
40652
66789
17831
55111
51029
35255
66197
68047
56725
54748
39773
39549
25823
33593
2708
12217
1177
27895
18438
65909
14523
62992
28332
20668
64595
33848
38309
42401
50865
14239
12247
15390
59277
41844
26810
6779
36061
40464
61850
39305
2643
20436
46739
50856
57697
44361
67299
25163
44598
28574
19043
67228
5118
50007
46477
18632
34638
37104
67028
21651
49081
47075
40722
42224
40887
69129
11110
4722
63249
39209
11820
66481
23320
54362
19937
46211
32405
27397
15019
65060
32084
13765
5177
36784
53962
41512
26376
68833
40123
17577
65746
13830
6131
47018
20126
36683
23685
58878
52397
29660
55515
2765
43716
31204
26239
23938
22520
7583
54786
12086
63029
5530
34009
3258
3992
9371
54480
68868
59945
22315
13490
21541
19977
32730
48550
55726
61429
3808
41146
64886
41775
51899
5492
57161
12153
24450
49729
54679
25418
2409
47444
34829
43065
53448
15383
57963
23971
66981
23547
10256
42158
54910
58418
44470
38286
12125
34650
1184
49684
4949
40557
23070
17875
18830
51344
19617
58839
55202
6777
7015
24491
44588
41149
37579
43776
10235
22953
24596
5104
61288
33822
59195
33503
54000
46700
62613
13257
16030
43469
10702
9857
22658
29684
11979
10904
43297
11862
28205
59055
40473
60154
28842
46380
51028
65180
37445
62951
44165
60970
53470
17333
56170
62116
48318
14898
41021
64638
68184
32369
49205
44523
46605
15253
35082
7037
33111
32036
22704
9535
2098
53359
11219
3356
41728
49621
64800
24136
47756
38194
24835
51024
15484
264
52574
59136
38472
16570
54217
61059
69026
43817
49246
28327
6218
67353
24359
7432
18506
11106
39980
53680
52533
18144
60607
61975
38833
32851
68633
50691
24340
41697
39604
43636
21196
29488
4561
15160
16160
25127
62315
12565
61318
61186
58005
15887
68692
19927
52775
27899
13529
34804
65346
57006
36353
10711
55383
33089
28724
69213
53542
37871
13384
68915
60238
15119
2145
48179
27857
10241
63667
56053
60296
68268
54052
24517
27065
964
68083
62860
57206
63362
39745
18789
57643
11310
55588
58915
64940
69167
7392
51228
13798
31206
9343
35019
6101
36511
32118
20549
14675
60753
8582
65196
16899
52064
67969
23802
58869
52556
14645
18424
66072
9668
46050
64875
41035
456
16118
22848
43983
29927
31240
4749
21173
14251
7837
18517
46428
7478
718
41266
21605
47788
45509
26059
50473
31721
27599
35284
63463
32743
1690
59514
48383
29646
6791
47563
20679
38905
10270
28155
58623
60886
66538
5523
15706
32643
35528
1933
19191
3359
34425
16182
3281
49137
68875
34182
24775
52965
35594
6248
10427
13945
23284
6388
68128
49305
7325
8530
38870
63808
67170
56118
36396
61581
8265
55732
27287
8996
32246
5461
55486
34455
14553
47434
69057
21716
57579
43832
60657
36200
47215
68196
54629
25313
52450
47755
35320
18848
62701
21347
52790
8679
54844
48118
50926
21804
2849
32421
46101
38622
37031
65673
60618
17341
47964
27477
49251
33195
25378
24102
58980
54096
40911
27110
40176
26925
7856
60300
28881
59696
46153
57117
65245
13316
4257
36070
55837
8216
7803
14414
43443
7941
64167
34704
44537
50218
19213
57827
39616
7766
45167
16413
39466
25883
49131
11652
15405
28277
63527
66564
39667
33879
43476
61382
63983
67951
40327
58437
47358
8347
32202
21934
26268
20467
19424
21732
43789
65757
52605
18078
56311
16297
24223
39668
11054
3230
49585
18686
42898
40619
54380
34824
14620
14360
35296
35395
44089
66268
54563
21213
41784
65079
44127
12565
36269
51943
31104
28489
15102
14371
41383
38187
51525
20728
25217
51292
15950
48563
12975
61629
45939
39664
56995
51931
64168
54958
25834
27754
67131
13984
35999
27349
61000
65957
55566
26306
69069
3117
41081
36957
16129
36095
55609
2620
625
25745
52698
22579
16208
28414
65114
67573
35485
6234
11622
36814
48673
66482
38105
19766
21608
45044
34113
16422
36180
51085
1907
7562
9097
55764
37210
69180
67322
55106
29580
5954
9160
32993
57806
30826
37516
31516
53954
29455
775
16144
60563
11416
13600
57487
18207
67874
61749
64591
51289
23054
67893
33418
53593
57917
4998
39467
15236
6672
58416
3676
69486
13710
49753
29710
21693
19163
31284
38944
6884
62118
45065
4706
8286
39525
51644
55062
9787
28385
47362
13857
24865
47135
6738
49326
63674
8578
14896
9666
48743
49878
3182
67650
9327
31494
26680
54310
27127
57057
67800
35681
66186
23307
58916
55507
676
60347
41629
55205
56820
24269
8748
52825
2516
50114
42767
26138
4122
2284
58085
68296
12737
15334
36547
45441
46282
22581
52724
49943
16338
3726
68834
54100
50085
43914
48071
25534
14027
19495
54430
15764
49070
68153
39227
62028
22880
3475
48466
35815
27672
501
30155
14682
18424
52686
11362
61408
53273
43111
21756
6924
18770
38572
9996
20718
13830
56090
34211
8480
37707
3812
34297
28820
3640
58005
55121
40642
50142
29790
65969
38729
18373
12610
68252
28359
33915
63143
22278
41151
16200
1592
60234
32534
43178
24026
56292
56540
7861
7067
19915
42280
63406
60324
21307
25512
55776
60964
19281
25053
52590
42026
50408
25952
4306
32197
36612
69009
33970
26297
26094
23846
37815
21829
20212
26988
61554
34017
55042
3644
61134
46678
62404
19534
21578
69379
43603
53576
21964
14661
12803
67230
285
7518
14543
33720
12802
15713
62632
46185
64525
47550
52749
20616
1994
51416
34978
24726
63853
63723
35995
34409
69223
5145
49177
45627
67345
61206
15228
63710
35773
7380
23399
45404
42948
16641
41187
56516
8332
25106
66447
29693
37471
50951
42634
48024
7821
68089
52690
34837
34035
21902
1740
9147
35745
17285
6427
31115
39238
56851
46913
60787
5904
18525
8124
1760
20824
28235
36122
61830
68509
40668
4794
42875
10190
39169
26491
8342
27952
14447
13667
10942
24366
50707
35596
69420
19105
65951
10869
69301
63024
14790
3541
26743
6988
24918
15905
50619
23875
69206
44417
62869
32030
33460
64247
25490
64406
18462
1915
27960
26691
41418
26911
52373
57830
27502
56217
15457
28249
6852
18963
54763
16532
14357
871
12427
34627
18792
66266
20506
55138
22533
42328
54101
5253
40374
6003
53460
28529
5915
36652
56851
11370
47587
43096
52457
55164
49580
11750
26079
59832
25722
2329
658
49613
65060
11475
19088
27799
9131
65527
13313
49009
7834
68213
49289
3673
26427
52826
7933
24249
68808
3530
21045
36111
41061
11163
55776
25488
44301
40330
18693
55738
7643
227
17657
35438
31478
55175
40202
52100
57836
64227
52279
43051
58985
60565
7553
66050
3240
29599
10642
33711
34600
13896
33771
61859
36261
38299
14221
16847
33899
13209
51488
19922
28748
1022
34530
23475
2758
17416
33650
1439
59117
22563
64684
8804
65281
60128
30893
45501
68172
48138
37925
23319
39856
27997
15335
6965
36113
6532
26332
18892
50400
34466
16290
38008
10522
2788
52357
29603
13180
21137
27259
52839
34824
62306
30230
60941
55464
43539
50413
44246
28020
13322
19384
35274
67920
37368
58629
34217
54739
40265
43168
64035
61790
4932
66807
19242
32788
61805
59993
14703
15206
20995
55685
44820
61527
13407
14916
39434
19968
57340
13324
3617
13719
25499
8996
17007
34804
63055
50764
35351
52416
50635
47431
68828
64495
60170
36215
62228
47074
40920
44701
37237
21485
13110
3844
67739
47515
53476
32406
33776
58804
63178
302
7576
43636
56033
9815
20611
35349
43931
17798
57947
28388
12797
6684
53996
28975
22750
53404
38707
59202
16799
50447
15970
7662
22162
42832
68123
67592
39785
13955
54948
35727
2100
44169
29257
34327
31550
68602
3173
43106
7271
31363
67190
55328
33832
42916
5291
66630
35693
413
17436
6850
6390
64071
41926
43405
35416
51431
51210
1301
43462
45851
54254
48659
17188
17321
53599
54573
66372
24978
37232
43802
34060
55208
18167
31351
23107
53347
62694
26144
7708
55128
29509
23031
57235
47518
67556
58230
32369
9760
27476
30373
45174
6039
35032
13688
50644
25289
37376
6640
67453
42739
727
9433
43273
44560
48864
12165
14964
32722
56334
66515
56413
67190
59050
55946
11112
55489
60014
52003
18912
14617
50981
40614
56056
27951
39612
9445
4408
36514
67269
56651
65058
39634
32788
38024
68691
67058
20938
31654
40095
48990
21548
61652
21876
9436
11729
37484
15258
3796
43386
51854
66339
25137
1050
69166
11116
42961
29407
61137
64998
22457
26533
53755
9682
52871
46502
8929
127
21335
9910
68122
155
61533
10429
16642
36843
35005
63493
23402
44595
7635
14586
42400
52855
62940
65070
1694
16080
16042
46515
11223
27611
69410
851
40682
53754
41206
9576
50631
23099
57775
4956
1075
50546
65750
65279
5236
5345
48452
23365
46634
56294
41326
23831
3435
32336
63252
7532
46949
24252
4181
9460
50975
9349
25940
47758
33893
64069
291
17242
48835
46593
28968
1971
30520
32748
7559
58406
29859
44252
19759
60389
28526
67092
51665
42613
60089
54305
24948
32264
12327
6898
63098
37979
49569
15153
10876
62682
28388
26399
62123
62024
48456
55859
30691
15590
28358
5085
28564
67733
39905
16457
49127
1865
42969
21255
18577
45149
66873
58226
43047
27862
20473
64112
20865
48474
61504
22056
50816
60651
9962
55990
49356
50406
24193
19624
23648
10856
67139
35150
25629
451
6395
32455
42225
59261
40790
47371
60521
19594
52063
9589
3562
16308
29941
37201
18355
34410
66614
43772
11022
45958
14559
50128
50050
63541
39856
42416
43835
18289
53547
52722
42530
38358
25841
29297
16585
6848
8776
65809
62019
51209
42424
27411
69386
43065
34038
34433
61107
21685
22592
24425
25744
68357
6940
40320
26591
10321
19057
67589
59004
30537
17408
21448
41374
40056
53124
24432
11350
36218
20151
67022
7327
25804
60226
22824
10874
27379
3225
18472
1384
58400
38344
40041
68226
41019
2907
36735
63428
23382
65881
6632
2671
18133
63112
48622
9709
26518
47081
10713
14493
45960
15293
57572
60698
6639
20977
30331
58757
19895
40721
19203
31732
16659
62751
15612
6834
23507
13660
56261
14826
17587
15437
51132
4642
875
25106
17362
59420
64819
9863
18960
20213
56503
10462
45023
2099
15365
44493
25741
49063
32440
61764
35836
57856
51757
69025
13522
11110
21526
60159
40084
35369
66081
55443
38065
25538
25577
25320
56486
24118
30788
33623
15221
30013
11292
68164
66516
21581
37177
34843
10813
2282
17235
42109
57620
59576
42969
22235
65253
39725
14423
5099
28260
47815
34586
65550
63937
9985
37541
48556
224
2256
5519
68489
2731
56470
32087
42218
17568
65841
32417
22955
33966
24138
41301
58082
1242
63481
50967
69252
29918
12160
28325
1658
24662
11344
13224
60008
64197
41097
52967
30571
41114
21409
56584
19657
52787
54533
64012
26060
31171
2965
6186
17098
14017
27900
62627
18924
15037
49359
5047
59636
9447
52681
16623
62285
39007
42180
51061
21496
37740
43684
52061
51667
54177
25157
53900
10569
68726
45701
58299
28597
52523
38494
28114
65770
15428
54493
12804
5501
14175
21646
26042
22467
28586
26225
40865
8032
38211
691
29191
54440
2633
10678
29782
21018
1388
30102
48141
23432
3098
58148
3020
9723
52944
36142
1569
13968
66091
60771
26731
62729
37643
35304
35813
47393
91
19307
64982
21881
20336
53862
2780
37071
54602
6467
43269
8424
17722
48008
6843
61134
19474
3867
32910
1524
56539
7163
66167
5406
37173
61061
25437
39809
14814
26734
41728
56555
66510
40848
1808
23356
49039
62323
14676
46122
10688
17212
52557
61573
23995
67124
29658
65277
54998
32018
23520
7008
22927
58871
55974
41060
52146
67278
64983
44683
67093
46365
11171
20939
34358
50469
67826
57587
56980
53903
69024
34476
50913
50158
62692
10745
51499
46632
45516
39850
30212
4602
15322
36718
9048
53827
34157
4644
16768
57664
44026
67823
57705
28256
45854
59686
30467
69232
29215
41671
59872
26068
64473
781
66328
37928
2376
12381
37103
53351
3269
10962
67918
62229
34610
34490
44536
5811
50848
19395
35294
50860
33220
43460
465
56230
32232
264
6527
59052
20061
39605
20926
61716
20027
65682
59302
64756
68321
23408
32743
67125
2063
56431
57118
41822
11441
50792
55649
30201
29264
69445
45819
44312
8015
47938
3559
66740
18967
28422
1256
9477
19448
58077
39747
7285
64240
37906
43755
34390
37341
17715
32390
48354
13741
27170
27851
67378
39182
38731
29961
400
27707
42956
2531
5939
40118
29000
39085
42431
66849
28853
39127
63477
226
14010
62038
14193
34176
22171
27052
2694
55378
66400
14288
29052
21867
7969
32707
34410
31105
62845
34675
14961
69332
25565
44649
66079
43387
55707
2278
2490
39444
28913
23875
35682
26209
23109
51481
61527
35325
41174
49830
40478
66163
16242
12614
30803
29193
1407
57204
13571
51122
11431
55847
12183
9003
39446
51646
46972
24176
48545
46908
4609
20309
20918
25793
19874
15808
18070
19637
36959
51485
49402
66908
58424
29266
10237
31806
47772
26958
57818
23843
19862
1162
28180
55045
38938
13321
48826
54150
60169
51107
65804
54019
33275
2300
27764
36891
49427
41163
1981
34970
38687
40460
42970
9397
40910
51518
52784
63569
63433
42142
48969
47667
2519
14948
2427
49780
38837
33814
39265
20765
59076
61629
57493
61232
31642
9782
44888
18793
26829
18849
49736
8918
64967
7490
35491
44730
15659
46350
19843
10308
61250
38312
26339
34233
65974
59702
30742
1745
34663
68920
62495
54973
15772
45227
157
67528
20990
60921
30771
5845
64161
18822
64767
16831
15900
51698
9926
61773
30869
60329
37497
21868
15894
37993
51722
54258
30183
14046
3248
48988
61726
29088
17932
43145
37193
42253
15440
16690
45281
37323
