47152
42684
15822
12966
8434
17052
5322
60650
51529
43939
8714
22558
14134
14982
27008
19666
57739
13504
51839
10548
36822
25430
62399
57236
39330
57750
5649
61274
15965
15629
46786
61746
35791
67924
12811
33801
2132
31933
48105
64702
2493
53061
1779
53340
23397
15231
20111
49651
21416
40089
16960
44012
48953
36904
311
68936
10225
45106
28920
50633
46227
64260
35992
11159
36531
58445
49071
54138
16172
64873
31242
10421
12906
245
62132
67614
46841
36786
33541
54871
12585
55855
19870
23958
7021
13445
1230
34148
16521
26972
59864
59385
42114
69070
48061
75
43670
31622
4772
49700
48006
47839
52282
3387
61713
31131
30163
16870
10597
15721
1525
30380
68749
41959
54020
1614
18426
13834
65790
62491
7134
68689
53803
3971
39106
41593
65255
32659
13867
22615
36859
26039
7077
51706
11929
5175
6298
34250
24775
29744
15445
53658
51906
30688
13885
40939
45797
842
41953
62383
18010
9172
17220
50409
24834
28879
28838
28226
19994
28184
62956
34155
240
25963
56024
41442
69238
43045
4793
16681
38003
7116
53785
34880
46919
56324
41008
22335
20325
53373
49914
37711
27851
35162
39312
17195
7829
29272
58975
60475
15418
5002
22693
14330
17901
22818
36538
21124
40074
31219
22946
64306
32620
3750
2792
16448
13246
22842
68138
1613
47711
16450
64934
62035
2844
6195
28711
4270
65079
5437
19922
43236
25862
55424
2426
7949
67854
1467
24314
3207
16608
10292
66891
47100
10077
65899
41198
36571
52364
1221
65131
53460
46125
2439
43100
10994
8334
4042
61830
37686
35770
6404
61140
13480
27955
60903
18223
22636
68208
36570
11591
26196
26369
35314
32660
27292
57306
46153
51534
62418
4753
30728
20225
56894
40577
25472
30727
42510
63323
45185
47262
14648
811
16172
33998
15824
5668
46290
59712
30544
9085
62062
60395
57289
53424
65114
57343
68454
17688
3816
34015
46885
29981
31657
65585
18136
17197
23792
49143
36330
66792
22424
27661
21045
62603
16160
27441
22286
7925
49813
64174
39384
57428
44531
27420
3724
34412
63461
44378
24653
15063
15030
58387
49021
10992
1815
16192
24460
22956
20138
3686
23381
66119
9664
40937
26450
8953
55120
7312
60970
11639
64732
18483
55239
57501
61322
42398
55036
1499
39436
33366
8448
23788
31072
18499
4403
60145
63524
47201
68392
49500
33088
31373
53990
35786
15417
50886
68471
17444
38750
48833
32568
63744
54172
19144
6488
36560
8348
18615
30862
33883
12348
15892
18816
49879
39980
52450
36703
49954
30989
51502
4202
4041
4879
51055
66037
26587
39305
63365
46657
27406
16090
25115
5141
15753
957
15259
53295
33524
15156
53383
5933
5650
45495
13169
10973
25462
16764
45921
56581
56253
20654
25197
64145
52758
59505
44505
62514
51160
20958
1971
29552
14586
31487
62906
26812
7136
10066
12330
7209
43725
68480
39929
6654
8195
40008
5890
11323
43217
23237
19033
33023
65090
22531
44548
12729
50988
64013
50942
56273
7502
23321
15627
876
44499
38597
64810
21411
26910
18806
29976
28921
55260
36061
66468
29772
11232
55350
53931
7606
62696
17180
28415
7959
52750
16359
40852
7971
34556
14689
31622
60364
286
36858
63210
40287
44103
8863
4890
56623
66486
9317
68401
42865
22092
22385
3127
2006
39618
35687
27830
8109
65999
40785
22923
46180
8815
51696
46623
1565
20651
67314
6844
40096
16465
66399
37434
50466
33160
64438
38323
67854
21678
33339
9373
4585
66343
14247
1570
50875
59383
809
48462
33053
49688
38823
34839
57786
52592
19280
9418
57198
17647
48784
41057
42471
38034
39910
61575
52127
25059
11663
54295
4481
34698
36456
50813
5824
26303
45529
48088
5976
48839
27521
43820
58665
57020
56216
17801
34193
32010
68993
11348
38012
59355
4653
22970
20855
59162
37759
28599
46908
16118
47839
21119
52652
24556
67788
63993
50300
15854
7372
6321
61972
42549
65414
41247
43710
20907
57932
60477
24596
57523
7833
38221
68654
51574
19466
2347
13614
9161
58286
29457
11205
43523
29051
24024
25135
51728
49747
42254
7716
4774
67178
65311
47250
20741
68538
54116
49811
13695
1665
29468
68891
56200
55962
10033
18351
34979
67083
26771
45003
19548
12506
28311
27920
24789
19651
3936
26983
48950
43000
55118
47553
49729
16077
36625
67055
29997
30520
9836
52765
68324
1621
1188
39154
40598
62905
51566
58371
54181
2125
51115
64450
7595
67891
46552
22029
57192
33986
3538
2225
68881
50936
46032
26710
59262
37776
12061
11298
11288
30700
15129
35150
1006
8199
67240
65713
11652
29069
51459
25610
27430
46121
28103
8166
49298
35436
42985
61509
18211
6040
11663
2970
6072
52275
55346
4686
50444
21182
13365
3491
21031
36836
51452
7036
37368
8289
25699
44384
41271
28691
45560
19380
18408
40191
54039
5786
29346
45172
32656
33529
40139
12461
44368
28330
16435
57500
15792
32818
54589
23708
41668
14550
2843
41797
35890
2802
2851
56631
49198
65980
44208
63436
59236
7066
22019
36475
7136
59379
6860
15772
28254
22394
8546
16233
26572
29605
20128
20018
13804
15855
8668
68555
24733
63690
65424
21808
53395
65146
49172
50016
47026
14583
40031
32829
33328
34376
64418
12161
9177
64375
43169
31224
32502
6113
33561
37493
22773
13468
22204
24399
61778
13488
48642
47513
20769
38961
16061
28494
43245
20225
14176
45911
22560
26826
26382
66712
64595
30883
6385
56089
3134
10455
19545
49341
1881
11731
27607
21380
40049
4053
54199
26137
3302
32118
38908
51453
58033
21458
56464
2840
44284
10959
8031
27377
14357
56996
17361
30593
22708
19185
34374
37137
45099
64961
19570
16989
29642
5792
30105
11035
62166
7642
36529
48897
39213
51107
21887
6616
28190
63967
10146
49815
17063
2450
30700
25144
39349
40358
56053
50586
65967
279
58510
31446
6184
60278
57348
21787
4971
4346
32158
27579
43604
18318
37630
32785
55474
1153
9292
3716
28107
49175
28266
26564
56985
16122
18702
12245
37233
28969
526
36256
2019
11691
65885
27737
41978
6489
55435
67300
13448
63784
65508
23038
22587
4979
56471
23006
50116
26875
26569
9874
11849
23314
25371
65970
39513
22255
34897
69406
50280
26637
32503
2700
27416
47197
9655
20823
16740
53137
6098
16555
1034
42342
11612
59078
43644
45580
68509
29598
27475
43112
32651
35994
35990
37782
61416
11100
65736
64021
11074
19808
23178
35574
45531
42801
3250
18137
43490
53481
53588
28413
9053
42333
32536
25449
25114
19378
46702
48380
25393
67998
16659
26487
55238
17762
42791
24472
10353
1428
30920
10226
20440
27899
15177
59600
5517
31141
57311
26236
61484
6576
34834
19250
42976
37217
20435
44506
64642
17324
43379
64420
28467
62405
23746
14627
10847
54066
36315
25867
5861
2045
25541
67306
31043
28233
5390
66985
41315
64146
47560
60245
18147
47608
5325
11262
59548
7748
4938
26749
66282
29080
9457
157
59163
43409
24408
64695
65637
61016
15965
56669
66000
61783
32272
5583
24874
17260
43465
49023
66655
30496
43106
59873
15651
29352
43189
14268
4925
1529
8047
31114
49336
49743
394
68777
47991
10755
13571
54995
59871
65306
52130
17
5884
57244
30669
41313
69041
28449
43832
29923
67669
3256
17655
35215
2707
40831
16697
1835
61841
7480
33176
801
27083
39065
30519
42081
5568
12196
47025
26047
66335
19151
27318
4722
20062
4513
30551
66884
59670
10227
13512
29415
11552
32453
60581
60420
65294
61261
32221
61060
53703
68436
40766
55696
12254
22273
10924
58540
56725
31258
31357
12195
33608
46082
61886
25128
62337
63066
4526
26750
3348
67545
31307
2083
32975
32206
7477
20851
51482
8957
21993
19106
12084
57011
25787
16416
61267
42642
40653
6220
55792
23721
52403
48657
8338
35625
927
59891
56646
8050
4158
58094
14959
63928
49858
24314
49645
25452
12321
31274
35448
60924
60336
6834
10729
54899
13263
59427
22627
34767
58542
67595
5630
28910
36137
29103
